<Ticker>,<DTYYYYMMDD>,<OpenFixed>,<HighFixed>,<LowFixed>,<CloseFixed>,<Volume>
BVH,20180713,72.8,74.8,72.1,74.3,91850
BVH,20180712,72.5,73,69,72.5,170830
BVH,20180711,71.5,73.5,70.6,71.5,150480
BVH,20180710,74.3,75.9,72,72,94660
BVH,20180709,74,77,74,74.2,45850
BVH,20180706,70.3,75.1,70.3,75,111800
BVH,20180705,70.1,72,70,70.2,103070
BVH,20180704,73.5,73.6,70.5,71,246150
BVH,20180703,77.9,78.1,73.5,73.5,122740
BVH,20180702,79.2,82.9,76,77,128870
BVH,20180629,79.5,82.5,79.5,81.3,61050
BVH,20180628,83.3,83.9,81.7,81.7,65050
BVH,20180627,85.2,85.5,82.5,83.3,58030
BVH,20180626,86,86,82.1,84,56020
BVH,20180625,88.7,88.7,85.2,86.7,51420
BVH,20180622,79.1,85,79.1,85,97890
BVH,20180621,83,84,81,81,279010
BVH,20180620,82.5,84.9,80,83,167530
BVH,20180619,85,86,80,82,368890
BVH,20180618,86.8,88,85.7,86,113900
BVH,20180615,87,90,85.5,85.5,266020
BVH,20180614,92.4,93.5,87,87,161270
BVH,20180613,93.3,94,91.5,92.5,51520
BVH,20180612,94.5,96.1,90,93.4,107080
BVH,20180611,95.8,96.2,94.5,95.9,129690
BVH,20180608,94.3,96.1,94,95.9,151200
BVH,20180607,96,96,94.5,95.9,144280
BVH,20180606,93,96,93,95.1,64750
BVH,20180605,94.9,95.3,93.1,94.9,167290
BVH,20180604,90.7,95,90.7,94.9,111900
BVH,20180601,86.5,90.9,86,90.7,119650
BVH,20180531,84,88.5,84,86.5,129490
BVH,20180530,86,86,83.4,84.9,97520
BVH,20180529,83,85.2,81,83.4,136660
BVH,20180528,86,87,81.2,82,180550
BVH,20180525,88,88.3,85.5,86,216540
BVH,20180524,87.5,90,85,86,230600
BVH,20180523,84,87,84,87,213130
BVH,20180522,85.5,90.3,84,84,194180
BVH,20180521,94,97,90.3,90.3,260300
BVH,20180518,95,97,90.9,97,174980
BVH,20180517,102,102,93.9,93.9,136410
BVH,20180516,100,100.7,96.1,98.3,170840
BVH,20180515,97,102.6,97,102,245240
BVH,20180514,94.1,96,93.8,95.9,168220
BVH,20180511,95.5,95.5,92.5,94,136910
BVH,20180510,94.6,96.5,94,95.4,238180
BVH,20180509,96.5,96.6,93.5,94,237490
BVH,20180508,90.5,97,90.5,96.5,163840
BVH,20180507,88,92,87,92,68590
BVH,20180504,90,92.5,87.1,87.1,143370
BVH,20180503,83.1,91,83.1,89.8,268660
BVH,20180502,98.3,98.3,85.6,87,271870
BVH,20180427,95,97,92,92,595330
BVH,20180426,100,101,93,93,643400
BVH,20180424,94,102.7,94,100,254570
BVH,20180423,100,103,96,96,213290
BVH,20180420,96.8,100,95,99,430600
BVH,20180419,102,103.8,95,95,398040
BVH,20180418,107,108.4,102,102,390540
BVH,20180417,103.4,107,103.4,107,286490
BVH,20180416,104.2,105,101.1,103.4,193250
BVH,20180413,106.6,106.6,104.2,104.2,198750
BVH,20180412,105.5,106.6,101.1,106.6,501420
BVH,20180411,109.4,111,106.8,106.8,515170
BVH,20180410,105.5,109.5,105.5,107.9,301690
BVH,20180409,107.5,108,105,105.5,432470
BVH,20180406,107.2,109.9,107,107.5,417700
BVH,20180405,101,108,101,107.2,503350
BVH,20180404,100.5,105,100.5,101,355890
BVH,20180403,102.9,102.9,98,100.5,577200
BVH,20180402,98,100,95,97.1,330990
BVH,20180330,93,95,90.8,94.5,324360
BVH,20180329,94,96.1,93,93,343480
BVH,20180328,93,94.8,91,94,366680
BVH,20180327,94,97.9,92,93,751940
BVH,20180326,87.7,93.8,87.7,93,533200
BVH,20180323,89,90,85.6,87.7,471720
BVH,20180322,91,92.5,90,92,511740
BVH,20180321,86.6,90,86.6,90,585540
BVH,20180320,87,88.3,86.1,86.1,279880
BVH,20180319,83,87,83,87,359640
BVH,20180316,84,84.9,83,83,253720
BVH,20180315,83,85,82.8,83,150100
BVH,20180314,83,85.3,83,84.2,364050
BVH,20180313,85,85.1,83.2,83.8,169620
BVH,20180312,83.9,85.8,83.9,84.6,257030
BVH,20180309,83.5,84,81.5,83.9,374750
BVH,20180308,78.9,81.4,78.9,81,229500
BVH,20180307,83.5,84.9,78,78.9,474280
BVH,20180306,84,85,82,83,223650
BVH,20180305,83.9,86,83,84,349010
BVH,20180302,80,83.5,80,82.4,346050
BVH,20180301,83.7,83.8,82.1,82.5,305660
BVH,20180228,83.9,86,83,83.7,506890
BVH,20180227,87,88,85,86.2,200020
BVH,20180226,86,88.1,84.8,86,387790
BVH,20180223,81,84.8,80.5,84.8,622650
BVH,20180222,80.2,83.5,79.5,80,628510
BVH,20180221,75,80.2,75,80.2,844340
BVH,20180213,74.9,76.5,74.5,75,263970
BVH,20180212,72,73.5,71,73.5,297370
BVH,20180209,69.5,72.8,68.5,71.6,361850
BVH,20180208,69.5,75,69.5,73.4,217690
BVH,20180207,73,73,68,71.3,502280
BVH,20180206,69.5,70,69.5,69.5,835960
BVH,20180205,79,79,74.7,74.7,688330
BVH,20180202,79.8,81,76.3,80.3,466310
BVH,20180201,82.5,84,77.1,78.5,550700
BVH,20180131,85.7,87.5,82,82,458860
BVH,20180130,80,85.7,80,85.7,470270
BVH,20180129,83,86,81,81.2,699600
BVH,20180126,79.5,85,79,83.5,545350
BVH,20180125,79.3,81,78,80,703250
BVH,20180122,75.4,79.4,75.4,78.7,710280
BVH,20180119,72.5,75.5,71.7,75.4,898460
BVH,20180118,70.2,72,68.6,72,889040
BVH,20180117,72,73.2,70,70,600300
BVH,20180116,73,73.5,71,72,367440
BVH,20180115,69.4,73.6,69.3,73,1010500
BVH,20180112,70.5,72,69.2,69.2,896960
BVH,20180111,70.1,71,69,70.5,647510
BVH,20180110,71,72.5,70,70.4,679730
BVH,20180109,67.6,71.3,67.1,71.3,1452300
BVH,20180108,66.2,67.7,65.9,67.4,531590
BVH,20180105,67.8,68,65.9,66.2,881940
BVH,20180104,67,68.5,66.6,67.7,428800
BVH,20180103,68.6,68.6,66.7,67,463220
BVH,20180102,65.2,68.6,65.1,68.2,786420
BVH,20171229,67.8,67.8,65.3,65.3,742300
BVH,20171228,66.4,68,65,67.8,603660
BVH,20171227,66,66.8,64.1,66.4,680940
BVH,20171226,65.5,66.3,64.7,66,774890
BVH,20171225,61.7,65.5,61.7,65.5,1288690
BVH,20171222,60.8,61.8,60.5,61.7,667430
BVH,20171221,59.8,61.4,59.4,60.5,855470
BVH,20171220,60.1,61.7,59.7,59.8,500250
BVH,20171219,59,60.8,58.9,60.1,735270
BVH,20171218,58,59,57.5,58.4,505920
BVH,20171215,57,58,56.6,57,468940
BVH,20171214,57.5,58.1,57.1,57.2,317830
BVH,20171213,57.3,57.8,56,57.5,353770
BVH,20171212,58.5,59.3,54.5,57.5,1239200
BVH,20171211,61,62,58.5,58.5,675050
BVH,20171208,60.6,62.8,60.6,62.1,898990
BVH,20171207,61,61,59.8,61,758160
BVH,20171206,58,59.9,57,59.9,671070
BVH,20171205,60.5,61,58,58,770650
BVH,20171204,61,61.9,60.5,60.5,498910
BVH,20171201,59.6,61,59.2,60.7,532630
BVH,20171130,61.9,62,59.9,59.9,509460
BVH,20171129,58,61,57.3,61,1050070
BVH,20171128,58.4,59,57.2,57.5,491610
BVH,20171127,58,59.3,57.7,58.4,747450
BVH,20171124,56.7,57.6,56.2,57.6,877510
BVH,20171123,58,58.2,56.6,57.2,911190
BVH,20171122,55.4,57.4,55.4,57.4,1478030
BVH,20171121,52.6,56,52.5,55,1679200
BVH,20171120,53,53,52,52.4,322050
BVH,20171117,52.2,53.9,52.2,52.5,622640
BVH,20171116,52.5,52.6,51.7,52.2,386170
BVH,20171115,53,53,52.4,52.5,269160
BVH,20171114,53.5,53.6,52.8,53.1,307850
BVH,20171113,52,53.5,52,52.9,514670
BVH,20171110,51.5,52.7,51.5,52,398450
BVH,20171109,51.5,52.9,51.5,51.6,317590
BVH,20171108,51.3,51.8,51.3,51.5,287410
BVH,20171107,51.1,51.8,51.1,51.3,193570
BVH,20171106,50.4,51.9,50,51.1,218720
BVH,20171103,49.1,50.4,49,50.4,147110
BVH,20171102,50.1,50.6,49.5,49.5,136270
BVH,20171101,49.7,50.9,49.4,50.6,305020
BVH,20171031,51.7,51.7,49.6,50,645780
BVH,20171030,53.7,54.3,51.7,51.7,322400
BVH,20171027,54.5,54.5,53,53,220320
BVH,20171026,54.8,54.8,53.8,54.5,183450
BVH,20171025,53.7,54.6,53.7,54.4,122460
BVH,20171024,54,55,53.6,53.7,166020
BVH,20171023,55,55,53.8,54,306530
BVH,20171020,56.1,56.1,54.8,55,388740
BVH,20171019,56.1,57,56.1,56.1,216520
BVH,20171018,56,56.5,55.7,56.1,334570
BVH,20171017,55.6,56.3,55.6,55.7,169220
BVH,20171016,55.1,56.3,55.1,55.6,500640
BVH,20171013,55.5,56.1,55,55.2,243870
BVH,20171012,53.6,55.7,53.5,55.5,700040
BVH,20171011,53.3,53.9,53.3,53.6,185600
BVH,20171010,53.5,53.7,53,53.3,133130
BVH,20171009,54.5,54.5,52.9,53.1,472570
BVH,20171006,53.5,54.4,53.5,54.1,103980
BVH,20171005,54,54,53.5,53.6,194950
BVH,20171004,53.5,53.9,53.3,53.9,100900
BVH,20171003,54.1,54.1,52.8,53.9,221400
BVH,20171002,55,55.4,53.2,53.5,237690
BVH,20170929,55,55.5,54.6,55,74740
BVH,20170928,55.7,55.7,55,55,221310
BVH,20170927,55.5,55.9,55.3,55.7,197990
BVH,20170926,56.1,56.3,55.6,55.8,263350
BVH,20170925,57,57,56.2,56.3,195030
BVH,20170922,56.9,57,56.7,57,73620
BVH,20170921,56.6,57.3,56.5,56.9,436530
BVH,20170920,56.2,56.6,56,56.5,206900
BVH,20170919,56,56.9,56,56.2,178600
BVH,20170918,56.4,56.4,56,56,215360
BVH,20170915,56,56.6,55.9,56.6,222110
BVH,20170914,56.4,56.5,55.9,56,215670
BVH,20170913,56.6,56.7,56,56.4,148220
BVH,20170912,56.2,56.8,56.2,56.6,296330
BVH,20170911,55.8,57.2,55.1,56.1,730550
BVH,20170908,54.5,55.4,54.5,55.1,300590
BVH,20170907,54.5,54.8,54.4,54.5,154830
BVH,20170906,54.8,55,54.5,54.5,177080
BVH,20170905,54.6,55.4,54.2,54.7,112390
BVH,20170901,54.1,54.9,54.1,54.6,227080
BVH,20170831,53.8,54.6,53.7,53.9,213280
BVH,20170830,53,54.2,53,53.8,155700
BVH,20170829,54,54.7,53.9,54,348250
BVH,20170828,54,54.4,53.9,54.1,85150
BVH,20170825,53.5,53.9,53.4,53.7,127820
BVH,20170824,53.9,54.4,53.5,53.5,157990
BVH,20170823,53.8,54.6,53.8,53.9,284170
BVH,20170822,54.5,55.1,53.8,53.8,212560
BVH,20170821,56.1,56.1,54.7,55,368370
BVH,20170818,56.2,56.3,55.9,56.1,195000
BVH,20170817,56.7,56.7,56,56.2,197450
BVH,20170816,56.3,56.6,56,56.6,237440
BVH,20170815,56.6,56.9,56.5,56.5,222280
BVH,20170814,56,56.5,56,56.5,245140
BVH,20170811,56.4,56.7,56,56,162960
BVH,20170810,56,56.7,56,56.5,205180
BVH,20170809,57.3,57.3,56,56.1,492840
BVH,20170808,57.8,58,57,57.3,365140
BVH,20170807,57.4,58.3,57.4,57.7,233170
BVH,20170804,57.3,57.9,57.1,57.3,283330
BVH,20170803,58.1,58.2,57.3,57.4,302900
BVH,20170802,58.6,58.7,57.8,58.2,351760
BVH,20170801,58.38,58.78,57.6,57.8,267790
BVH,20170731,57.9,58.39,57.6,58.09,1029790
BVH,20170728,56.13,56.62,56.13,56.62,238460
BVH,20170727,56.62,56.81,56.23,56.23,207590
BVH,20170726,56.23,56.72,56.23,56.52,355020
BVH,20170725,56.04,56.53,55.84,56.23,197620
BVH,20170724,56.03,56.42,55.05,56.33,277340
BVH,20170721,56.33,56.72,55.94,56.13,494030
BVH,20170720,56.33,56.82,56.04,56.23,230930
BVH,20170719,57.11,57.6,56.23,56.33,820160
BVH,20170718,57.61,57.9,57.02,57.11,256930
BVH,20170717,59.47,59.47,57.5,57.9,520880
BVH,20170714,59.27,59.57,58.69,59.27,624160
BVH,20170713,58.49,59.37,58,58.98,855300
BVH,20170712,57.6,58.98,57.31,58.29,576740
BVH,20170711,57.11,57.8,56.92,57.6,272460
BVH,20170710,57.51,57.8,57.02,57.31,219100
BVH,20170707,57.01,58.48,56.91,57.51,573330
BVH,20170706,57.01,57.21,56.81,57.01,248030
BVH,20170705,56.62,57.01,56.62,57.01,154730
BVH,20170704,57.31,57.31,56.52,56.62,102910
BVH,20170703,56.52,57.6,56.52,57.11,388500
BVH,20170630,56.62,56.91,56.42,56.52,102560
BVH,20170629,56.91,56.91,56.33,56.62,241630
BVH,20170628,56.33,56.62,56.23,56.62,222040
BVH,20170627,57.02,57.02,56.33,56.33,405630
BVH,20170626,56.91,57.21,56.82,56.92,150090
BVH,20170623,56.82,57.11,56.43,57.11,315170
BVH,20170622,56.91,57.7,56.81,56.82,205030
BVH,20170621,57.31,57.5,56.81,57.01,473280
BVH,20170620,58.39,58.39,57.61,57.6,149560
BVH,20170619,57.9,58.19,57.6,58,316550
BVH,20170616,57.31,57.7,57.11,57.11,2053690
BVH,20170615,57.99,58.19,57.5,57.6,339540
BVH,20170614,56.62,58.29,56.62,58.19,519510
BVH,20170613,56.23,56.72,56.03,56.72,140310
BVH,20170612,56.82,57.02,56.13,56.23,249260
BVH,20170609,57.11,57.11,56.62,56.82,343170
BVH,20170608,57.31,57.31,56.72,57.01,360020
BVH,20170607,57.5,57.6,56.82,57.31,241510
BVH,20170606,56.72,57.21,56.52,57.11,184850
BVH,20170605,56.52,57.21,56.52,57.01,264830
BVH,20170602,57.41,57.41,56.52,57.01,175430
BVH,20170601,56.33,57.5,56.33,57.21,133770
BVH,20170531,56.62,57.4,56.42,56.62,369500
BVH,20170530,58.2,58.39,57.02,57.01,504320
BVH,20170529,59.27,59.67,58,58.49,301650
BVH,20170526,57.41,59.87,57.41,58.98,776220
BVH,20170525,56.91,57.7,56.42,57.31,543640
BVH,20170524,56.92,57.02,56.23,56.52,298300
BVH,20170523,57.02,57.51,56.52,56.92,330680
BVH,20170522,56.43,57.8,56.43,57.31,498320
BVH,20170519,56.13,56.62,56.04,56.33,287870
BVH,20170518,56.52,56.62,56.03,56.33,184040
BVH,20170517,55.93,56.72,55.83,56.52,297460
BVH,20170516,56.32,56.42,55.83,56.03,336850
BVH,20170515,57.01,57.11,56.33,56.42,212020
BVH,20170512,56.53,57.41,56.33,56.62,200610
BVH,20170511,56.33,56.72,56.23,56.33,152220
BVH,20170510,56.32,56.52,56.23,56.33,310570
BVH,20170509,56.23,56.62,56.23,56.52,215210
BVH,20170508,57.01,57.01,56.52,56.52,208270
BVH,20170505,56.82,57.11,56.62,57.01,106640
BVH,20170504,57.51,57.61,56.72,56.82,189760
BVH,20170503,56.33,57.9,56.33,57.51,257860
BVH,20170428,56.04,56.33,55.94,56.33,167390
BVH,20170427,56.33,56.53,56.23,56.33,87540
BVH,20170426,56.53,56.53,56.04,56.33,121030
BVH,20170425,56.03,56.32,55.93,56.33,193290
BVH,20170424,56.82,56.82,55.94,56.03,151560
BVH,20170421,56.42,56.91,56.22,56.33,232070
BVH,20170420,57.51,57.51,56.43,56.42,322070
BVH,20170419,56.62,57.51,56.62,57.51,128940
BVH,20170418,56.62,57.41,56.03,57.41,235550
BVH,20170417,57.11,57.41,56.03,56.62,216280
BVH,20170414,57.31,57.8,56.92,57.31,236910
BVH,20170413,57.6,58.49,57.51,57.9,307040
BVH,20170412,57.61,58,57.51,57.8,221560
BVH,20170411,58.49,58.88,57.8,57.9,147670
BVH,20170410,57.31,59.18,57.02,58.49,375080
BVH,20170407,57.21,57.51,56.82,57.31,320210
BVH,20170405,58.09,58.09,57.11,57.31,331140
BVH,20170404,57.41,58.29,57.41,58.09,207610
BVH,20170403,58.19,58.48,57.31,57.7,514410
BVH,20170331,59.76,59.76,58.09,58.19,760020
BVH,20170330,60.74,61.24,59.17,59.27,454690
BVH,20170329,60.36,60.85,60.06,60.45,364420
BVH,20170328,60.06,61.04,59.96,60.16,292670
BVH,20170327,59.57,60.26,59.08,60.06,361050
BVH,20170324,59.87,60.26,59.57,59.57,337960
BVH,20170323,58.49,59.96,58.39,59.18,351700
BVH,20170322,58.98,59.67,58.2,58.49,608420
BVH,20170321,60.35,60.35,58.98,59.08,262430
BVH,20170320,58.79,60.26,58.79,59.96,318680
BVH,20170317,58,58.49,57.8,58,1668510
BVH,20170316,58,58.29,57.9,57.9,277890
BVH,20170315,57.9,58,57.7,58,217720
BVH,20170314,57.8,58.29,57.8,57.9,271930
BVH,20170313,57.99,58.19,57.6,57.8,251860
BVH,20170310,58.09,58.78,58.09,58.09,169060
BVH,20170309,58.19,58.48,57.99,58.09,88430
BVH,20170308,58.88,58.88,58,58.19,177030
BVH,20170307,58.19,58.98,57.8,58.49,87190
BVH,20170306,58.19,58.58,57.5,58.19,126510
BVH,20170303,57.01,58.58,57.01,58.19,222970
BVH,20170302,57.61,58.2,57.02,57.01,217560
BVH,20170301,58.49,58.78,57.02,57.41,319300
BVH,20170228,59.47,59.47,58.49,58.49,136630
BVH,20170227,58.69,59.28,58.3,58.49,200340
BVH,20170224,59.18,59.76,58.39,58.59,379040
BVH,20170223,60.75,60.75,59.28,59.47,288270
BVH,20170222,61.64,61.64,59.97,60.75,375730
BVH,20170221,61.93,62.22,61.44,61.44,261090
BVH,20170220,61.93,62.42,61.05,61.93,273660
BVH,20170217,62.32,62.32,61.24,61.93,299950
BVH,20170216,62.91,63.7,62.33,62.32,380870
BVH,20170215,61.93,62.72,61.44,62.62,204370
BVH,20170214,63.4,63.89,61.93,61.93,232650
BVH,20170213,62.32,63.4,62.32,63.4,224330
BVH,20170210,61.93,62.42,61.73,62.32,272250
BVH,20170209,62.13,62.13,61.74,61.73,256980
BVH,20170208,62.13,62.32,61.64,62.13,182800
BVH,20170207,62.42,62.42,61.64,62.03,310920
BVH,20170206,62.91,62.91,62.12,62.13,258460
BVH,20170203,61.54,62.82,61.44,62.32,468770
BVH,20170202,60.06,61.44,60.06,61.44,273290
BVH,20170125,59.86,60.84,59.86,60.06,135190
BVH,20170124,59.47,60.65,59.37,59.86,94590
BVH,20170123,59.57,60.65,59.27,59.86,50370
BVH,20170120,59.77,60.46,59.67,59.86,109880
BVH,20170119,59.28,60.65,59.28,59.77,129450
BVH,20170118,61.24,61.24,59.77,59.77,164310
BVH,20170117,60.35,61.04,60.35,60.95,232640
BVH,20170116,60.75,60.95,60.16,60.55,168550
BVH,20170113,61.44,62.42,60.56,60.95,189500
BVH,20170112,59.86,61.43,59.66,61.44,424200
BVH,20170111,59.57,60.56,59.48,59.86,244620
BVH,20170110,60.65,60.65,59.67,59.77,292960
BVH,20170109,60.36,61.44,60.07,60.55,339830
BVH,20170106,60.06,61.24,60.06,60.36,376830
BVH,20170105,58.98,60.75,58.79,60.06,420990
BVH,20170104,58.29,59.57,58.29,59.08,364510
BVH,20170103,57.21,59.18,56.72,58.29,370020
BVH,20161230,57.6,57.8,57.21,57.21,164630
BVH,20161229,57.51,58,57.51,57.6,195940
BVH,20161228,58.29,58.49,57.31,57.51,282240
BVH,20161227,58.19,58.78,58.09,58.29,148290
BVH,20161226,58.59,59.18,58.2,58.19,183790
BVH,20161223,57.99,58.78,57.6,58.59,302150
BVH,20161222,59.08,59.57,58,58.09,320770
BVH,20161221,57.8,59.47,57.6,59.08,518200
BVH,20161220,60.36,60.36,57.51,58.09,239350
BVH,20161219,58.29,60.35,58.29,60.26,292590
BVH,20161216,57.01,57.99,56.91,57.6,1888300
BVH,20161215,57.01,57.7,56.91,57.01,276630
BVH,20161214,55.73,57.01,55.73,57.01,228350
BVH,20161213,56.42,56.42,55.73,55.93,164590
BVH,20161212,57.01,57.41,56.42,56.42,193550
BVH,20161209,57.11,57.8,57.01,57.7,211700
BVH,20161208,57.01,57.11,56.62,57.11,165760
BVH,20161207,57.51,57.8,55.54,57.01,92830
BVH,20161206,56.52,57.5,56.42,56.72,185170
BVH,20161205,56.82,57.22,55.84,56.62,171550
BVH,20161202,58.39,58.78,57.51,57.51,73400
BVH,20161201,58.98,58.98,58,58.39,190430
BVH,20161130,57.51,58.98,57.21,57.8,505370
BVH,20161129,59.67,59.97,56.92,57.41,484200
BVH,20161128,60.45,60.45,58.58,58.59,348810
BVH,20161125,60.95,61.44,60.95,61.04,191060
BVH,20161124,61.73,61.73,60.95,61.44,83010
BVH,20161123,60.45,61.83,60.25,61.44,575610
BVH,20161122,59.47,60.94,59.37,60.45,431630
BVH,20161121,60.45,60.45,59.27,59.37,129320
BVH,20161118,60.16,60.85,59.57,60.45,132140
BVH,20161117,61.73,61.83,60.06,60.16,191790
BVH,20161116,61.93,61.93,61.64,61.73,132330
BVH,20161115,61.83,62.22,61.34,61.54,35780
BVH,20161114,61.93,62.42,61.34,61.34,227070
BVH,20161111,63.89,63.89,62.91,62.91,125130
BVH,20161110,63.7,65.67,62.42,63.4,220260
BVH,20161109,64.39,64.39,60.95,63.7,304290
BVH,20161108,63.8,64.39,63.7,64.39,129950
BVH,20161107,61.44,64.39,61.44,63.8,153950
BVH,20161104,61.44,61.54,60.95,61.44,87790
BVH,20161103,63.2,63.2,61.44,61.44,125930
BVH,20161102,63.9,64.39,62.92,62.91,112850
BVH,20161101,64.88,64.88,63.6,64.39,64540
BVH,20161031,65.76,65.76,62.91,62.91,277560
BVH,20161028,65.86,67.04,65.76,65.86,54910
BVH,20161027,66.15,66.84,65.86,65.86,168630
BVH,20161026,66.65,67.04,66.16,66.25,32840
BVH,20161025,66.35,67.33,66.05,67.04,47670
BVH,20161024,66.45,67.33,65.86,66.84,43780
BVH,20161021,65.86,67.04,65.86,67.04,74080
BVH,20161020,65.86,67.34,65.86,66.45,49840
BVH,20161019,66.84,67.82,66.35,67.83,89190
BVH,20161018,65.47,68.32,65.37,66.84,136380
BVH,20161017,68.91,68.91,65.37,65.37,249700
BVH,20161014,68.81,70.29,68.81,69.79,55820
BVH,20161013,69.3,70.68,68.81,70.68,52920
BVH,20161012,70.78,72.25,69.5,70.68,42930
BVH,20161011,69.99,72.15,69.99,70.78,179110
BVH,20161010,70.28,71.75,69.69,70.48,137110
BVH,20161007,72.25,72.25,68.32,70.28,298560
BVH,20161006,72.74,72.74,70.78,70.78,166450
BVH,20161005,70.97,72.94,70.97,71.66,318930
BVH,20161004,67.04,73.04,67.04,70.97,261890
BVH,20161003,69.79,69.89,68.31,68.32,141360
BVH,20160930,68.81,71.27,68.32,69.69,451920
BVH,20160929,68.81,70.97,68.31,68.81,291730
BVH,20160928,68.81,70.58,68.02,70.28,280330
BVH,20160927,66.84,69.2,66.84,69.2,469520
BVH,20160926,64.29,66.85,63.9,66.84,519810
BVH,20160923,64.78,64.78,63.9,64.29,151090
BVH,20160922,62.42,64.68,62.42,64.19,516140
BVH,20160921,60.26,62.03,59.47,61.93,448600
BVH,20160920,60.26,60.95,59.47,60.26,157990
BVH,20160919,58.49,60.46,58.49,60.26,138650
BVH,20160916,59.38,60.06,57.51,57.51,818180
BVH,20160915,59.96,59.96,59.47,59.77,50060
BVH,20160914,60.45,61.04,59.96,59.96,87100
BVH,20160913,59.96,61.43,58.98,60.65,154890
BVH,20160912,58,59.96,58,59.96,136060
BVH,20160909,59.47,59.96,58.98,58.98,186500
BVH,20160908,58,59.96,58,58.98,225450
BVH,20160907,58.98,58.98,58,58.98,132630
BVH,20160906,58.49,59.47,58.49,58.49,217330
BVH,20160905,59.47,59.96,58.98,58.98,175230
BVH,20160901,60.95,61.44,60.46,60.45,160190
BVH,20160831,61.44,61.93,60.46,60.95,199960
BVH,20160830,59.47,61.43,59.47,61.44,272470
BVH,20160829,59.47,61.44,58.98,59.96,474480
BVH,20160826,58.49,58.98,57.51,58.98,240640
BVH,20160825,58,58,57.51,58,101260
BVH,20160824,58.49,58.49,58,58,112450
BVH,20160823,58,58.98,58,58.49,84580
BVH,20160822,58.98,59.47,58.49,58.49,77830
BVH,20160819,58,60.46,57.51,58.98,276320
BVH,20160818,58,58.49,57.51,57.51,79130
BVH,20160817,58,58.98,57.51,58,202860
BVH,20160816,58,58.98,58,58,189260
BVH,20160815,58.49,58.98,58.49,58.49,76590
BVH,20160812,59.96,59.96,58.49,58.49,177990
BVH,20160811,58.98,59.96,58.49,59.96,267670
BVH,20160810,57.02,58.98,57.02,58.98,188960
BVH,20160809,56.03,57.5,56.03,57.51,121590
BVH,20160808,56.52,57.5,56.03,56.52,136670
BVH,20160805,56.03,57.5,56.03,57.01,158880
BVH,20160804,56.03,58,55.54,56.52,339080
BVH,20160803,57.02,57.51,56.04,56.03,240570
BVH,20160802,58,58.49,57.02,57.51,326130
BVH,20160801,58.49,58.49,57.51,57.51,133060
BVH,20160729,58.49,59.47,58,58,148750
BVH,20160728,58.98,58.98,57.51,58.49,296000
BVH,20160727,57.51,58.98,57.02,58.98,188990
BVH,20160726,57.02,58.49,56.53,58,299770
BVH,20160725,58.98,58.98,57.51,58,122910
BVH,20160722,58.98,58.98,56.03,58.98,545100
BVH,20160721,60.45,61.43,59.47,59.47,318580
BVH,20160720,62.91,63.4,60.45,60.45,342030
BVH,20160719,63.4,65.37,60.94,62.91,714450
BVH,20160718,61.44,63.41,61.44,62.91,203710
BVH,20160715,61.44,62.91,61.44,61.44,229040
BVH,20160714,60.95,64.88,60.95,61.44,1057970
BVH,20160713,60.45,61.93,59.96,60.95,669280
BVH,20160712,58.98,59.96,58,59.96,150350
BVH,20160711,60.45,60.94,58.49,58.49,241850
BVH,20160708,61.93,61.93,59.96,59.96,235920
BVH,20160707,61.44,61.93,60.46,61.93,273960
BVH,20160706,60.46,61.93,60.46,61.44,197040
BVH,20160705,59.96,62.42,59.96,61.44,576180
BVH,20160704,59.47,59.96,58.98,59.47,254200
BVH,20160701,58,59.47,58,58.98,159280
BVH,20160630,58.49,58.98,58,58,219070
BVH,20160629,57.51,58.49,57.51,58.49,213390
BVH,20160628,57.5,57.99,56.52,57.51,90610
BVH,20160627,54.79,57.7,54.79,57.7,130370
BVH,20160624,58.67,58.67,54.79,56.73,853710
BVH,20160623,57.71,58.67,57.71,58.67,158340
BVH,20160622,58.67,59.15,58.19,58.19,211900
BVH,20160621,58.19,59.64,58.19,58.67,150610
BVH,20160620,57.7,58.67,57.7,58.19,189730
BVH,20160617,60.13,60.13,57.22,57.22,683100
BVH,20160616,60.61,61.58,60.13,60.13,146940
BVH,20160615,60.61,60.61,59.64,60.61,166950
BVH,20160614,59.64,61.09,59.64,60.61,220970
BVH,20160613,62.07,62.07,59.64,60.61,311490
BVH,20160610,61.1,62.55,60.62,62.55,566080
BVH,20160609,61.1,61.58,60.13,61.1,66230
BVH,20160608,59.16,62.55,58.68,61.1,808120
BVH,20160607,59.16,60.13,58.68,59.16,243090
BVH,20160606,58.18,59.15,57.7,59.16,276020
BVH,20160603,58.19,58.67,57.71,57.7,207240
BVH,20160602,58.19,58.67,57.71,58.19,178510
BVH,20160601,57.71,59.16,57.71,58.19,188800
BVH,20160531,57.21,58.67,56.73,58.19,152120
BVH,20160530,56.25,57.22,56.25,56.73,182950
BVH,20160527,56.25,57.22,55.77,56.25,168990
BVH,20160526,57.7,58.18,56.25,56.25,318530
BVH,20160525,58.19,58.67,57.71,57.7,248820
BVH,20160524,57.7,58.67,56.73,58.19,241520
BVH,20160523,58.18,58.67,57.7,57.7,209330
BVH,20160520,59.16,59.16,57.7,57.7,361110
BVH,20160519,59.16,60.12,58.67,59.64,225420
BVH,20160518,61.58,61.58,59.65,59.64,308140
BVH,20160517,57.22,61.1,57.22,61.1,900810
BVH,20160516,56.25,57.21,55.76,57.22,213810
BVH,20160513,57.22,58.19,56.25,56.73,290870
BVH,20160512,58.19,59.16,57.71,58.19,178840
BVH,20160511,57.22,58.67,56.73,58.19,330510
BVH,20160510,54.8,56.73,54.8,56.25,497730
BVH,20160509,58.18,58.67,55.28,55.28,208600
BVH,20160506,57.7,58.18,57.22,57.7,256850
BVH,20160505,59.16,60.12,57.7,57.7,190130
BVH,20160504,58.19,59.64,57.22,59.64,249260
BVH,20160429,54.8,60.13,54.31,59.16,1029680
BVH,20160428,56.25,56.73,54.31,56.25,307390
BVH,20160427,57.7,57.7,55.28,56.25,212530
BVH,20160426,53.34,57.7,53.34,57.7,600730
BVH,20160425,54.79,55.27,53.82,54.31,551990
BVH,20160422,50.92,54.31,50.92,53.82,972560
BVH,20160421,49.46,52.85,49.46,51.4,512950
BVH,20160420,49.46,49.94,48.98,49.94,303900
BVH,20160419,50.91,50.91,49.46,49.46,253910
BVH,20160415,50.43,51.88,50.43,50.91,336620
BVH,20160414,50.43,51.39,50.43,50.91,187250
BVH,20160413,51.88,52.37,50.43,50.91,206720
BVH,20160412,51.88,51.88,50.92,51.4,287100
BVH,20160411,49.46,52.37,49.46,51.4,696240
BVH,20160408,48.97,49.94,48.97,48.98,220790
BVH,20160407,49.94,50.43,48.98,49.94,295870
BVH,20160406,48.98,49.95,48.5,49.46,239380
BVH,20160405,48.2,48.97,47.91,48.98,154900
BVH,20160404,47.71,48.49,47.71,47.81,268770
BVH,20160401,48.49,48.97,47.52,47.71,451340
BVH,20160331,49.94,50.42,48.49,48.49,411350
BVH,20160330,49.95,50.91,49.95,49.94,482800
BVH,20160329,51.4,51.88,50.43,50.43,434180
BVH,20160328,50.91,51.88,50.91,51.4,352460
BVH,20160325,50.91,51.39,49.94,50.91,364710
BVH,20160324,51.88,52.36,50.91,50.91,527980
BVH,20160323,51.4,51.88,50.43,51.88,573570
BVH,20160322,51.4,51.88,50.43,51.88,364970
BVH,20160321,51.88,52.85,51.4,51.4,438280
BVH,20160318,52.37,52.85,51.4,51.88,1087460
BVH,20160317,52.85,53.82,52.36,52.37,555230
BVH,20160316,51.4,52.85,50.92,51.88,554590
BVH,20160315,51.4,52.37,50.43,51.4,926820
BVH,20160314,52.36,52.36,51.4,51.4,595360
BVH,20160311,51.88,53.33,51.4,51.88,435990
BVH,20160310,51.4,52.37,50.92,51.88,544550
BVH,20160309,52.37,52.85,50.43,51.4,795400
BVH,20160308,53.34,53.34,52.37,52.85,569320
BVH,20160307,53.82,55.28,53.34,53.34,704530
BVH,20160304,53.34,54.79,52.86,53.34,503820
BVH,20160303,54.79,55.76,53.34,53.34,548370
BVH,20160302,50.91,53.82,50.43,53.82,1304180
BVH,20160301,49.95,51.4,49.95,50.43,347610
BVH,20160229,50.91,50.91,49.95,50.43,258710
BVH,20160226,50.42,51.39,49.46,50.43,342560
BVH,20160225,51.88,52.37,49.95,49.94,449010
BVH,20160224,49.95,51.4,49.46,51.4,619360
BVH,20160223,50.42,51.88,49.94,50.43,505410
BVH,20160222,49.46,50.43,48.39,49.94,674870
BVH,20160219,48.2,49.95,48.2,48.49,1177350
BVH,20160218,48.4,48.49,48.11,48.2,197540
BVH,20160217,48.39,49.46,48,48.01,400440
BVH,20160216,48.49,48.49,47.82,48.1,212390
BVH,20160215,48,48.2,47.71,48.01,159780
BVH,20160205,48.2,48.49,48.2,48.39,90510
BVH,20160204,48.49,49.46,48.2,48.2,181150
BVH,20160203,48.01,48.3,47.72,47.81,177620
BVH,20160202,48.2,49.46,48.2,48.3,240570
BVH,20160201,49.46,50.43,48.49,48.49,555480
BVH,20160129,48,49.46,47.52,49.46,453880
BVH,20160128,48.49,48.49,47.91,48.1,302350
BVH,20160127,48,48.49,47.81,48.49,360250
BVH,20160126,47.52,48.39,47.04,47.52,550260
BVH,20160125,46.06,48.49,46.06,48.49,608840
BVH,20160122,45.68,46.07,44.61,45.48,409980
BVH,20160121,45.68,46.26,44.71,45,356990
BVH,20160120,46.06,47.23,45.58,45.68,402390
BVH,20160119,44.41,46.45,44.41,46.45,587970
BVH,20160118,45.48,45.48,43.06,44.22,558430
BVH,20160115,47.52,47.91,45.58,45.87,615810
BVH,20160114,48.49,48.49,46.84,47.52,794680
BVH,20160113,50.42,50.42,49.46,49.46,161710
BVH,20160112,49.46,49.95,48.98,49.94,409830
BVH,20160111,49.46,50.43,48.98,48.98,449450
BVH,20160108,49.46,50.91,48.98,50.43,475240
BVH,20160107,51.4,51.88,49.94,50.43,660450
BVH,20160106,50.91,52.37,50.91,51.88,382260
BVH,20160105,50.92,52.37,50.43,50.43,580200
BVH,20160104,51.4,52.37,50.43,51.4,316600
BVH,20151231,51.89,52.85,51.4,51.4,265720
BVH,20151230,53.34,54.31,51.89,52.37,615410
BVH,20151229,49.95,52.85,49.95,52.37,690020
BVH,20151228,51.39,51.88,50.43,50.43,426420
BVH,20151225,49.94,52.36,49.94,50.91,685430
BVH,20151224,49.94,50.43,49.46,49.94,325930
BVH,20151223,48.98,49.94,48.98,49.46,654650
BVH,20151222,50.42,50.42,48.97,49.46,342860
BVH,20151221,50.43,50.91,49.46,49.94,496190
BVH,20151218,51.4,53.82,48.49,48.49,2504980
BVH,20151217,48.98,51.4,48.98,51.4,954210
BVH,20151216,48.49,49.46,48.3,48.3,999170
BVH,20151215,48.01,49.46,47.91,48.3,293900
BVH,20151214,49.46,50.43,47.91,47.91,305650
BVH,20151211,48.98,51.89,48.01,49.46,217590
BVH,20151210,50.91,51.4,48.98,48.98,161970
BVH,20151209,50.91,52.85,50.43,50.43,598300
BVH,20151208,46.55,49.46,45.68,49.46,285040
BVH,20151207,48.01,48.01,46.56,46.55,229240
BVH,20151204,48.49,48.49,47.52,48.01,181600
BVH,20151203,48.98,49.95,48.5,48.49,201520
BVH,20151202,51.88,51.88,48.49,48.98,370080
BVH,20151201,52.85,53.82,50.43,50.43,356110
BVH,20151130,53.34,54.79,52.37,52.37,255200
BVH,20151127,55.76,56.24,53.34,53.34,215390
BVH,20151126,55.28,56.73,54.8,55.76,138150
BVH,20151125,55.28,56.25,54.31,55.28,192780
BVH,20151124,55.77,56.25,54.31,55.28,217940
BVH,20151123,57.22,57.7,56.25,56.25,141470
BVH,20151120,56.73,57.21,56.24,57.22,121190
BVH,20151119,54.31,57.22,54.31,55.76,117410
BVH,20151118,55.76,55.76,54.8,55.28,164370
BVH,20151117,56.73,56.73,55.28,55.28,199300
BVH,20151116,56.74,57.7,55.77,56.25,163180
BVH,20151113,56.25,58.18,56.25,57.22,143900
BVH,20151112,55.76,57.7,55.28,56.73,255640
BVH,20151111,56.25,57.7,55.77,55.76,233990
BVH,20151110,58.19,59.64,56.25,56.25,218530
BVH,20151109,60.13,60.61,58.19,58.19,296270
BVH,20151106,63.04,63.04,59.65,60.13,151160
BVH,20151105,59.65,63.52,59.16,63.04,293140
BVH,20151104,62.55,62.55,60.13,61.1,207830
BVH,20151103,57.22,61.1,56.74,61.1,378700
BVH,20151102,59.64,60.13,57.22,57.22,155960
BVH,20151030,58.19,60.13,57.22,59.16,468240
BVH,20151029,56.73,58.18,55.76,58.19,196080
BVH,20151028,57.22,57.7,55.77,55.76,225540
BVH,20151027,57.22,58.19,56.25,57.22,275490
BVH,20151026,59.15,60.12,57.7,58.19,506040
BVH,20151023,57.21,59.15,56.73,57.7,501140
BVH,20151022,55.28,56.25,54.31,55.76,323980
BVH,20151021,55.28,56.25,54.79,55.28,276230
BVH,20151020,52.37,55.27,51.4,54.31,760360
BVH,20151019,55.28,56.25,52.86,52.85,500060
BVH,20151016,59.16,61.58,55.28,55.28,402380
BVH,20151015,55.76,59.15,55.76,58.19,490490
BVH,20151014,56.25,57.22,54.31,55.76,736760
BVH,20151013,56.25,58.19,56.25,58.19,525530
BVH,20151012,55.27,58.18,53.82,58.19,1175170
BVH,20151009,53.82,55.28,52.85,54.79,638270
BVH,20151008,50.91,52.85,50.43,52.37,941380
BVH,20151007,49.94,52.37,49.46,49.46,1057710
BVH,20151006,47.81,49.46,47.62,49.46,465970
BVH,20151005,44.9,46.55,44.9,46.55,370370
BVH,20151002,44.71,45.09,44.51,44.61,270260
BVH,20151001,45.58,45.58,44.62,44.9,148500
BVH,20150930,45.49,45.97,45.1,45.1,151440
BVH,20150929,44.81,45.1,44.23,45.1,241010
BVH,20150928,46.26,46.26,45.1,45.1,293490
BVH,20150925,46.65,46.84,45.58,45.58,418880
BVH,20150924,47.91,47.91,46.55,46.55,320430
BVH,20150923,46.07,47.62,45.58,47.52,628780
BVH,20150922,46.55,47.42,46.36,46.65,404690
BVH,20150921,44.61,46.06,44.41,45.97,555890
BVH,20150918,43.64,45.39,43.64,43.93,1517610
BVH,20150917,43.55,43.93,43.16,43.16,179980
BVH,20150916,43.15,43.74,42.86,43.45,641970
BVH,20150915,42.77,43.25,42.58,42.96,391320
BVH,20150914,44.61,45,42.77,42.77,347810
BVH,20150911,45.58,46.26,45.1,45.19,316260
BVH,20150910,44.52,46.55,44.52,45.39,354080
BVH,20150909,45.58,45.68,44.8,45.1,351190
BVH,20150908,42.77,44.61,42.67,44.32,322440
BVH,20150907,43.15,44.03,43.15,43.25,115340
BVH,20150904,42.48,43.45,42.48,43.25,212620
BVH,20150903,44.42,44.42,42.48,42.48,442860
BVH,20150901,45.1,45.78,44.13,44.42,288660
BVH,20150831,46.55,46.55,45.1,45.1,442430
BVH,20150828,43.64,46.55,43.54,46.55,584800
BVH,20150827,43.64,45.58,43.16,43.64,480220
BVH,20150826,43.25,44.32,41.79,42.77,536880
BVH,20150825,40.25,44.13,39.86,43.54,464100
BVH,20150824,44.61,44.8,42.48,42.48,639640
BVH,20150821,46.36,46.55,44.52,45.58,511390
BVH,20150820,48.01,49.46,46.94,46.94,370520
BVH,20150819,48.01,49.46,46.85,48.01,246540
BVH,20150818,45.58,48,45.58,48.01,258110
BVH,20150817,47.81,48.2,45.58,45.58,243650
BVH,20150814,46.55,47.62,46.55,47.33,369900
BVH,20150813,49.46,49.46,46.16,46.55,447190
BVH,20150812,48.98,51.88,48.2,49.46,580100
BVH,20150811,50.43,51.88,49.94,50.43,511600
BVH,20150810,45.68,48.49,45.68,48.49,478940
BVH,20150807,45.39,45.78,44.61,45.68,160890
BVH,20150806,46.55,47.42,44.61,45.39,259670
BVH,20150805,44.61,47.42,44.61,46.55,244240
BVH,20150804,46.16,46.55,44.61,44.61,505740
BVH,20150803,48.97,49.46,47.42,47.42,683500
BVH,20150731,53.82,53.82,50.92,50.91,235220
BVH,20150730,50.43,53.34,50.43,53.34,396160
BVH,20150729,50.43,53.34,49.95,50.43,287000
BVH,20150728,52.85,53.34,50.43,50.43,543030
BVH,20150727,52.37,53.34,50.92,52.37,749480
BVH,20150724,56.24,56.73,53.82,54.31,171600
BVH,20150723,53.82,55.76,53.82,55.76,297960
BVH,20150722,52.86,54.31,51.89,52.37,1291590
BVH,20150721,57.22,58.19,55.28,55.28,301790
BVH,20150720,63.03,63.03,58.67,59.16,198630
BVH,20150717,61.1,63.52,60.62,62.55,351520
BVH,20150716,57.71,63.52,57.71,61.1,483980
BVH,20150715,65.46,65.46,60.13,60.13,586290
BVH,20150714,64.01,64.01,60.13,64.01,706390
BVH,20150713,59.16,60.13,59.16,60.13,198890
BVH,20150710,53.33,56.24,52.85,56.25,579560
BVH,20150709,50.43,56.25,49.95,52.85,634710
BVH,20150708,53.34,53.82,52.37,53.34,1248330
BVH,20150707,46.74,50.43,46.74,50.43,487240
BVH,20150706,44.91,47.14,44.61,47.13,600310
BVH,20150703,42.09,44.12,41.89,44.13,520190
BVH,20150702,38.8,41.7,38.8,41.7,347680
BVH,20150701,39.28,39.76,38.89,39.28,333440
BVH,20150630,38.31,40.25,38.21,39.76,1017730
BVH,20150629,37.14,38.6,36.85,38.21,388770
BVH,20150626,37.24,37.24,35.98,36.85,195050
BVH,20150625,37.83,37.83,37.15,37.24,80090
BVH,20150624,37.92,38.02,37.34,37.73,100320
BVH,20150623,37.34,38.12,37.34,37.92,330820
BVH,20150622,37.72,37.72,37.04,37.34,272630
BVH,20150619,37.72,37.82,37.14,37.82,1166020
BVH,20150618,36.27,36.85,35.88,36.85,457990
BVH,20150617,35.4,36.85,35.21,35.88,389660
BVH,20150616,35.88,35.98,35.4,35.4,192990
BVH,20150615,36.08,36.08,35.5,35.88,166440
BVH,20150612,35.79,35.79,35.21,35.69,201810
BVH,20150611,33.85,35.11,33.85,35.11,297000
BVH,20150610,33.94,34.33,33.84,34.04,239690
BVH,20150609,33.94,34.23,33.94,34.23,178690
BVH,20150608,34.92,34.92,34.14,34.23,325320
BVH,20150605,34.33,34.81,33.94,34.82,78830
BVH,20150604,33.94,34.42,33.94,34.33,136560
BVH,20150603,34.23,34.33,33.75,33.94,261280
BVH,20150602,34.92,35.31,34.34,34.33,87020
BVH,20150601,35.78,35.78,34.14,34.53,169750
BVH,20150529,36.07,36.07,35.01,35.59,321610
BVH,20150528,35.3,36.27,35.21,35.88,291760
BVH,20150527,35.3,35.69,34.91,35.4,236330
BVH,20150526,34.43,35.5,33.94,35.3,499030
BVH,20150525,34.14,34.92,33.75,33.75,98730
BVH,20150522,33.75,34.53,33.07,34.53,257630
BVH,20150521,33.27,33.75,32.49,33.75,224020
BVH,20150520,30.97,32.39,30.97,32.3,125760
BVH,20150519,31.54,31.54,30.69,31.35,104260
BVH,20150518,31.26,31.26,30.7,30.69,86030
BVH,20150515,31.54,31.92,31.26,31.26,69290
BVH,20150514,31.54,31.63,31.45,31.45,93570
BVH,20150513,32.01,32.01,31.35,31.54,117160
BVH,20150512,32.02,32.58,31.55,31.54,150660
BVH,20150511,32.48,32.58,32.2,32.3,150430
BVH,20150508,32.01,32.76,32.01,32.39,102210
BVH,20150507,31.82,32.2,31.82,32.01,68840
BVH,20150506,32.86,32.86,32.01,32.01,81060
BVH,20150505,31.92,32.86,31.54,32.86,188470
BVH,20150504,32.95,33.05,31.92,31.92,341150
BVH,20150427,33.52,33.52,33.05,33.33,188490
BVH,20150424,33.42,33.52,33.05,33.24,183630
BVH,20150423,32.95,33.7,32.95,33.33,185840
BVH,20150422,33.05,33.14,32.86,32.95,152340
BVH,20150421,33.05,33.33,33.05,33.05,126900
BVH,20150420,32.96,33.33,32.86,33.24,168960
BVH,20150417,33.52,33.61,33.24,33.24,160200
BVH,20150416,33.61,33.89,33.42,33.52,387680
BVH,20150415,32.39,33.04,32.29,32.95,253170
BVH,20150414,32.67,32.86,32.49,32.48,201460
BVH,20150413,32.2,32.86,32.11,32.58,186700
BVH,20150410,32.2,32.77,32.01,32.11,276310
BVH,20150409,31.26,32.2,31.26,31.92,139500
BVH,20150408,32.01,32.1,31.45,31.54,271160
BVH,20150407,31.64,32.2,31.36,32.01,268570
BVH,20150406,32.48,32.57,31.63,31.64,146010
BVH,20150403,32.96,33.62,32.49,32.48,209320
BVH,20150402,31.07,33.24,31.07,33.24,296050
BVH,20150401,32.2,32.2,31.07,31.07,177010
BVH,20150331,31.35,32.67,31.26,32.2,270420
BVH,20150330,32.11,32.67,31.17,31.26,320810
BVH,20150327,33.61,33.61,31.83,32.39,368540
BVH,20150326,33.9,33.99,33.14,33.52,408590
BVH,20150325,34.37,34.65,33.99,33.99,303370
BVH,20150324,34.09,34.56,33.9,34.46,417380
BVH,20150323,34.56,34.93,34.56,34.65,378160
BVH,20150320,33.99,35.3,33.8,35.31,351100
BVH,20150319,34.84,34.84,33.99,34.08,351630
BVH,20150318,35.03,35.12,34.56,34.93,112960
BVH,20150317,34.65,35.12,34.65,35.03,308710
BVH,20150316,34.84,35.12,34.75,34.84,181410
BVH,20150313,35.78,35.78,35.21,35.31,140960
BVH,20150312,35.03,35.59,34.84,35.59,403030
BVH,20150311,34.93,35.49,34.65,35.12,279140
BVH,20150310,34.84,35.02,34.55,34.93,129430
BVH,20150309,35.41,35.41,34.56,34.93,518330
BVH,20150306,35.78,35.87,35.4,35.5,387680
BVH,20150305,36.53,36.53,35.88,35.87,471590
BVH,20150304,36.25,36.53,36.16,36.44,244110
BVH,20150303,35.78,36.25,35.68,36.25,255270
BVH,20150302,35.31,35.87,35.22,35.4,290980
BVH,20150227,35.78,36.62,35.31,35.31,346060
BVH,20150226,36.34,36.43,35.59,35.87,216360
BVH,20150225,37.47,38.03,36.34,36.34,259560
BVH,20150224,37.38,37.66,37,37.47,292860
BVH,20150213,37.38,37.94,37.28,37.38,571660
BVH,20150212,36.81,37.38,36.63,37.19,334530
BVH,20150211,36.53,36.91,36.25,36.72,172030
BVH,20150210,35.69,36.44,35.31,36.25,624020
BVH,20150209,35.59,35.88,35.31,35.69,840030
BVH,20150206,34.65,35.69,34.65,35.5,331920
BVH,20150205,33.9,35.31,33.9,34.65,919350
BVH,20150204,32.29,34.08,32.2,33.9,956310
BVH,20150203,32.58,32.96,32.11,32.48,538860
BVH,20150202,32.57,33.14,32.1,32.11,425460
BVH,20150130,33.51,33.51,32.48,32.48,284910
BVH,20150129,33.52,33.71,32.96,32.95,160820
BVH,20150128,32.77,34.18,32.77,33.71,735140
BVH,20150127,32.86,33.15,32.49,32.58,600110
BVH,20150126,33.14,33.23,32.76,32.77,292390
BVH,20150123,33.14,33.33,32.76,33.14,510760
BVH,20150122,33.05,33.33,32.67,33.14,532030
BVH,20150121,32.95,33.23,32.86,33.05,590070
BVH,20150120,32.49,33.15,32.49,32.95,564360
BVH,20150119,32.95,33.61,32.48,32.77,501550
BVH,20150116,32.2,33.23,32.01,32.95,721060
BVH,20150115,32.49,32.67,31.73,32.01,683540
BVH,20150114,33.05,33.33,32.29,32.58,465980
BVH,20150113,33.14,33.61,32.95,33.14,828990
BVH,20150112,33.14,34.08,33.04,33.61,1374890
BVH,20150109,32.2,33.52,32.02,32.95,730160
BVH,20150108,32.11,32.86,31.73,32.11,565530
BVH,20150107,31.54,32.67,31.45,32.11,1030840
BVH,20150106,30.22,31.44,30.22,31.45,511140
BVH,20150105,30.22,31.82,30.22,31.35,984900
BVH,20141231,29.18,30.31,28.9,30.13,486130
BVH,20141230,28.91,29,27.87,28.62,526370
BVH,20141229,29.94,30.04,28.81,28.91,678780
BVH,20141226,29.75,30.31,29,29.85,310630
BVH,20141225,29.75,30.13,28.91,29.75,194650
BVH,20141224,30.98,31.92,30.03,30.13,808910
BVH,20141223,31.63,32.67,31.07,31.54,493240
BVH,20141222,30.13,30.89,29.66,30.88,313000
BVH,20141219,31.07,31.73,28.9,28.91,1707260
BVH,20141218,32.11,32.2,31.07,31.07,655440
BVH,20141217,32.95,33.61,31.63,32.11,305530
BVH,20141216,33.99,33.99,32.95,32.95,163260
BVH,20141215,34.84,35.02,33.89,33.99,272700
BVH,20141212,34.18,35.12,34.18,34.93,42970
BVH,20141211,34.74,35.12,34.18,34.46,141470
BVH,20141210,34.65,35.12,34.18,35.12,88120
BVH,20141209,34.84,35.4,34.37,34.37,132140
BVH,20141208,35.31,35.69,34.84,35.12,74370
BVH,20141205,35.31,35.78,35.22,35.31,87210
BVH,20141204,35.12,35.5,35.12,35.31,89590
BVH,20141203,35.78,35.97,35.12,35.12,160770
BVH,20141202,35.31,35.88,35.31,35.78,262150
BVH,20141201,34.46,35.97,34.46,35.69,308140
BVH,20141128,34.94,34.94,34.47,34.46,138500
BVH,20141127,34.37,34.75,34.18,34.56,89570
BVH,20141126,35.31,35.59,34.27,34.37,329640
BVH,20141125,35.59,35.78,35.12,35.12,317870
BVH,20141124,35.5,35.97,35.4,35.4,137490
BVH,20141121,35.78,35.97,35.59,35.59,161130
BVH,20141120,35.97,35.97,35.59,35.78,339220
BVH,20141119,36.25,36.25,35.59,35.59,159770
BVH,20141118,36.34,36.34,35.87,35.87,135000
BVH,20141117,36.53,36.53,36.25,36.34,186340
BVH,20141114,36.44,36.44,35.69,36.34,238320
BVH,20141113,36.72,36.72,36.44,36.44,194960
BVH,20141112,36.25,36.63,36.25,36.53,131380
BVH,20141111,36.25,36.72,36.25,36.25,257600
BVH,20141110,35.97,36.91,35.97,36.06,144070
BVH,20141107,35.78,36.25,35.78,35.97,129210
BVH,20141106,35.96,36.62,35.78,35.87,200610
BVH,20141105,36.54,36.54,35.41,35.87,145240
BVH,20141104,36.54,36.82,36.16,36.16,193020
BVH,20141103,36.81,37.09,36.62,36.63,372350
BVH,20141031,35.5,36.91,35.5,36.53,235630
BVH,20141030,35.5,35.78,35.41,35.5,143690
BVH,20141029,35.4,35.87,35.31,35.5,508810
BVH,20141028,35.02,35.31,35.02,35.31,170420
BVH,20141027,36.07,36.16,34.94,34.93,178170
BVH,20141024,36.34,36.62,35.97,36.16,127520
BVH,20141023,37.1,37.1,36.44,36.53,150110
BVH,20141022,37,37.19,36.9,36.91,118410
BVH,20141021,37.28,37.28,36.43,36.81,162510
BVH,20141020,36.53,37.47,36.53,36.81,85640
BVH,20141017,37,37.1,36.53,36.53,425610
BVH,20141016,37.28,37.28,36.34,36.91,477550
BVH,20141015,37.66,37.85,37.28,37.47,179330
BVH,20141014,37.76,38.13,37.66,37.66,112440
BVH,20141013,37.85,38.13,37.57,37.85,195680
BVH,20141010,38.51,38.6,38.04,38.04,151960
BVH,20141009,38.61,38.98,38.51,38.51,181990
BVH,20141008,38.6,38.6,38.41,38.42,191850
BVH,20141007,38.79,38.79,38.41,38.6,365270
BVH,20141006,38.69,38.79,38.51,38.79,249120
BVH,20141003,38.6,38.98,38.51,38.6,233750
BVH,20141002,37.94,38.79,37.94,38.79,397890
BVH,20141001,38.23,38.41,37.94,37.94,266410
BVH,20140930,37.95,38.42,37.76,37.85,181610
BVH,20140929,38.42,38.51,37.95,38.04,165330
BVH,20140926,38.13,38.5,38.03,38.42,243350
BVH,20140925,37.47,38.03,37.28,37.94,252940
BVH,20140924,38.22,38.22,37.47,37.47,748270
BVH,20140923,37.76,38.79,37.76,38.6,53310
BVH,20140922,39.54,39.54,37.85,37.85,177400
BVH,20140919,40.11,40.2,37.66,37.66,3008040
BVH,20140918,41.33,41.33,40.01,40.2,139140
BVH,20140917,41.61,41.61,40.76,41.33,139920
BVH,20140916,41.9,42.37,39.64,40.2,365600
BVH,20140915,43.41,43.41,42.37,42.46,73490
BVH,20140912,43.59,43.69,43.31,43.69,88670
BVH,20140911,43.69,43.69,43.31,43.31,87370
BVH,20140910,42.56,43.69,41.99,43.69,140180
BVH,20140909,43.69,43.69,42.84,42.84,138150
BVH,20140908,43.5,43.69,43.31,43.69,127630
BVH,20140905,43.59,43.59,43.21,43.22,138550
BVH,20140904,42.74,43.59,42.74,43.12,141830
BVH,20140903,41.9,43.78,41.9,43.59,247700
BVH,20140829,41.62,41.71,41.24,41.71,227230
BVH,20140828,41.71,41.71,40.67,41.71,125840
BVH,20140827,42,42.19,40.96,41.71,96920
BVH,20140826,40.3,41.9,40.3,41.81,371230
BVH,20140825,40.29,40.76,40.29,40.3,132270
BVH,20140822,40.3,40.58,40.21,40.2,78920
BVH,20140821,40.01,40.48,40.01,40.3,93920
BVH,20140820,40.21,40.49,40.02,40.2,70230
BVH,20140819,40.02,40.21,40.02,40.02,103200
BVH,20140818,39.45,40.2,39.45,40.02,114090
BVH,20140815,39.82,39.82,39.45,39.45,78620
BVH,20140814,39.27,39.74,39.27,39.73,137570
BVH,20140813,39.17,39.73,39.17,39.55,64690
BVH,20140812,39.92,39.92,38.98,39.26,94710
BVH,20140811,39.83,40.39,39.36,39.36,140180
BVH,20140808,40.49,40.96,40.12,40.11,63410
BVH,20140807,40.49,40.96,40.11,40.68,122790
BVH,20140806,41.43,41.99,40.58,40.58,208900
BVH,20140805,40.95,41.61,40.95,41.43,131370
BVH,20140804,40.02,41.43,40.02,41.33,344370
BVH,20140801,39.73,40.95,39.64,40.02,466270
BVH,20140731,38.41,40.11,38.41,39.73,113710
BVH,20140730,39.17,39.55,38.61,38.6,71280
BVH,20140729,38.79,39.55,38.14,39.55,107500
BVH,20140728,40.2,40.2,37.75,38.7,59670
BVH,20140725,40.21,41.15,39.93,40.2,463040
BVH,20140724,39.55,40.21,39.17,40.02,170690
BVH,20140723,39.64,39.64,39.08,39.55,61270
BVH,20140722,40.02,40.02,39.36,39.55,56130
BVH,20140721,40.11,40.39,39.64,40.02,205830
BVH,20140718,39.08,40.49,39.08,40.11,247140
BVH,20140717,39.73,39.92,39.17,39.55,92960
BVH,20140716,40.01,40.3,39.54,39.73,83120
BVH,20140715,39.45,39.92,39.45,39.45,59560
BVH,20140714,38.89,39.83,38.89,39.07,110740
BVH,20140711,39.27,39.55,38.89,38.89,71710
BVH,20140710,40.86,40.86,39.08,39.55,258520
BVH,20140709,40.68,40.87,40.59,40.77,191920
BVH,20140708,40.58,40.96,40.3,40.68,88010
BVH,20140707,41.05,41.61,40.95,40.96,149410
BVH,20140704,39.55,40.39,39.26,40.39,485500
BVH,20140703,38.89,39.36,38.89,39.17,169440
BVH,20140702,39.27,39.27,38.8,38.89,110490
BVH,20140701,38.79,39.35,38.41,38.89,90070
BVH,20140630,39.08,39.17,38.42,38.6,56940
BVH,20140627,39.36,39.36,38.7,38.89,120570
BVH,20140626,37.85,39.54,37.85,39.36,403090
BVH,20140625,37.57,37.85,37.48,37.85,158530
BVH,20140624,37.19,37.57,37,37.57,114710
BVH,20140623,37.28,37.28,37.1,37.19,64900
BVH,20140620,37,37.28,36.72,37.19,763870
BVH,20140619,36.72,37.09,36.15,37,366120
BVH,20140618,37.66,37.66,37,37,129000
BVH,20140617,37.67,37.85,37.38,37.47,78680
BVH,20140616,38.32,38.32,37.56,37.76,100210
BVH,20140613,37.48,37.95,37.38,37.94,293380
BVH,20140612,37.29,37.57,37.2,37.29,220430
BVH,20140611,37.19,37.66,36.72,37.29,185600
BVH,20140610,36.91,37.47,36.72,37,174730
BVH,20140609,36.72,38.04,36.44,37.47,157250
BVH,20140606,35.31,36.72,35.31,36.72,141740
BVH,20140605,35.87,35.87,34.55,35.31,197920
BVH,20140604,37.94,37.94,35.78,35.87,98100
BVH,20140603,36.81,37.66,36.81,37.38,111060
BVH,20140602,38.6,38.69,37,37,324980
BVH,20140530,37.76,38.98,37.76,38.13,306700
BVH,20140529,39.54,39.73,37.66,38.32,354040
BVH,20140528,39.08,39.73,38.98,39.73,584090
BVH,20140527,35.68,38.04,35.68,38.04,597230
BVH,20140526,34.05,36.05,33.78,35.68,459640
BVH,20140523,34.59,34.68,34.32,34.32,254520
BVH,20140522,34.41,35.14,34.23,34.5,498210
BVH,20140521,34.23,34.41,33.23,34.23,381170
BVH,20140520,34.14,34.23,33.32,34.23,342210
BVH,20140519,33.86,34.95,33.13,34.23,461370
BVH,20140516,32.68,33.77,32.68,33.77,598210
BVH,20140515,32.32,34.04,30.87,32.23,834940
BVH,20140514,30.41,32.32,30.41,32.32,880990
BVH,20140513,29.6,30.78,29.6,30.23,820760
BVH,20140512,30.87,30.87,29.6,29.6,558670
BVH,20140509,30.41,32.04,30.41,31.78,786220
BVH,20140508,32.68,32.68,30.41,30.41,893860
BVH,20140507,30.51,32.69,30.51,32.68,541230
BVH,20140506,31.5,31.5,29.68,30.6,486230
BVH,20140505,33.59,33.59,31.14,31.5,334620
BVH,20140429,33.59,33.77,33.23,33.32,271610
BVH,20140428,34.41,34.68,33.59,33.68,442240
BVH,20140425,34.22,34.77,34.22,34.41,314570
BVH,20140424,34.41,34.41,33.87,33.86,490070
BVH,20140423,34.05,35.14,34.05,34.41,327960
BVH,20140422,35.04,35.4,33.86,35.41,643940
BVH,20140421,35.86,35.95,35.04,35.04,338640
BVH,20140418,37.22,37.22,35.86,35.95,359970
BVH,20140417,37.22,37.59,36.68,37.31,365070
BVH,20140416,38.4,38.4,36.68,36.68,493140
BVH,20140415,39.13,39.67,38.4,38.4,313230
BVH,20140414,39.76,40.21,39.31,39.31,267230
BVH,20140411,39.95,40.13,39.4,39.76,401380
BVH,20140410,40.49,40.85,40.22,40.31,288390
BVH,20140408,40.4,40.94,40.22,40.49,275020
BVH,20140407,39.22,40.4,39.13,40.4,405000
BVH,20140404,39.85,39.85,39.04,39.13,383010
BVH,20140403,39.13,39.67,39.04,39.58,335600
BVH,20140402,39.31,39.86,37.95,39.22,640900
BVH,20140401,40.95,40.95,38.59,39.22,752090
BVH,20140331,41.67,42.21,40.76,40.95,493870
BVH,20140328,41.31,42.22,41.31,41.67,466230
BVH,20140327,41.22,41.76,40.95,41.31,567990
BVH,20140326,42.85,43.21,41.22,41.22,1211980
BVH,20140325,44.39,44.39,42.85,42.85,531730
BVH,20140324,44.12,44.48,43.76,43.94,367970
BVH,20140321,43.67,44.49,43.13,43.12,1995080
BVH,20140320,44.3,44.39,43.57,43.67,583330
BVH,20140319,44.3,44.94,44.21,44.3,376020
BVH,20140318,44.49,44.58,44.04,44.3,355110
BVH,20140317,45.12,45.21,44.39,44.58,595190
BVH,20140314,45.85,46.3,44.85,45.12,519950
BVH,20140313,46.3,46.75,44.94,46.3,628310
BVH,20140312,45.85,48.12,45.39,46.3,945810
BVH,20140311,43.39,45.39,43.12,45.21,1208160
BVH,20140310,42.67,43.13,42.31,43.12,516970
BVH,20140307,42.21,42.76,42.12,42.22,189590
BVH,20140306,41.76,42.3,41.76,42.03,312020
BVH,20140305,42.3,42.3,41.67,41.85,196390
BVH,20140304,41.4,42.22,41.13,41.76,321810
BVH,20140303,43.12,43.67,42.22,42.22,423200
BVH,20140228,42.67,43.49,42.13,42.58,480610
BVH,20140227,43.03,44.03,42.3,42.31,660790
BVH,20140226,43.21,43.3,42.49,43.03,308640
BVH,20140225,42.03,42.94,41.76,42.85,520350
BVH,20140224,41.4,42.21,41.22,42.03,223550
BVH,20140221,41.76,42.67,41.21,41.76,287430
BVH,20140220,43.58,43.76,40.67,41.85,663780
BVH,20140219,43.94,44.04,43.22,43.67,512560
BVH,20140218,42.67,43.85,42.67,43.4,292890
BVH,20140217,43.13,43.31,42.58,43.12,485480
BVH,20140214,43.67,44.03,43.22,43.4,296390
BVH,20140213,44.49,44.76,43.49,43.67,459580
BVH,20140212,41.67,44.03,41.67,43.76,875470
BVH,20140211,42.67,42.67,41.49,41.67,642530
BVH,20140210,42.39,42.39,41.3,42.03,483650
BVH,20140207,43.94,43.94,41.4,42.03,397570
BVH,20140206,42.22,43.49,41.77,43.49,769170
BVH,20140127,41.76,42.49,41.49,42.22,286130
BVH,20140124,42.21,42.85,41.12,41.76,738470
BVH,20140123,43.13,43.58,41.76,41.76,811960
BVH,20140122,42.49,45.03,42.21,43.58,2055000
BVH,20140121,42.49,42.85,40.95,42.85,1724650
BVH,20140120,39.95,40.13,39.77,40.13,747920
BVH,20140117,35.86,37.58,35.86,37.59,2071220
BVH,20140116,35.23,35.41,34.96,35.13,310270
BVH,20140115,35.23,35.41,35.14,35.23,312780
BVH,20140114,35.31,35.58,35.22,35.23,186640
BVH,20140113,35.59,35.59,35.14,35.13,125420
BVH,20140110,35.32,35.87,35.32,35.5,551860
BVH,20140109,34.86,35.22,34.68,35.23,420190
BVH,20140108,34.86,35.04,34.77,34.86,149880
BVH,20140107,34.77,35.22,34.77,34.86,224330
BVH,20140106,34.5,34.95,34.32,34.77,162320
BVH,20140103,34.5,34.5,34.23,34.41,87240
BVH,20140102,34.32,34.68,34.23,34.32,87000
BVH,20131231,34.05,34.5,34.05,34.32,196550
BVH,20131230,34.59,34.68,33.95,34.05,314220
BVH,20131227,34.95,35.13,34.77,34.77,132150
BVH,20131226,34.86,35.13,34.86,34.95,209110
BVH,20131225,35.13,35.31,34.86,34.86,269420
BVH,20131224,35.5,35.5,35.05,35.04,153150
BVH,20131223,35.77,35.77,35.22,35.5,207330
BVH,20131220,35.41,35.87,35.14,35.13,911900
BVH,20131219,35.32,35.59,35.23,35.23,320230
BVH,20131218,35.14,35.41,35.14,35.32,146390
BVH,20131217,35.23,35.59,35.05,35.41,445950
BVH,20131216,35.59,35.86,35.23,35.23,354730
BVH,20131213,35.95,36.13,35.59,35.59,289410
BVH,20131212,35.41,36.41,35.41,35.86,641530
BVH,20131211,36.5,36.59,35.32,35.41,850210
BVH,20131210,37.13,37.13,36.32,36.41,281700
BVH,20131209,37.13,37.13,36.77,36.77,278460
BVH,20131206,36.77,37.41,36.68,36.77,236720
BVH,20131205,36.95,37.22,36.68,36.77,370060
BVH,20131204,37.68,37.68,37.23,37.22,263340
BVH,20131203,36.86,37.77,36.86,37.5,364510
BVH,20131202,37.23,37.5,36.86,36.95,350780
BVH,20131129,37.68,37.77,37.32,37.5,366970
BVH,20131128,37.5,37.77,37.23,37.59,526090
BVH,20131127,37.59,38.04,37.5,37.77,402030
BVH,20131126,37.13,38.04,37.04,37.59,638250
BVH,20131125,36.13,37.4,36.13,37.22,1360940
BVH,20131122,35.86,36.13,35.68,35.95,321260
BVH,20131121,35.95,36.59,35.68,35.77,922030
BVH,20131120,36.04,36.13,35.68,35.86,335130
BVH,20131119,35.95,36.22,35.86,35.95,444430
BVH,20131118,36.04,36.22,35.95,35.95,299580
BVH,20131115,35.68,35.86,35.5,35.68,119940
BVH,20131114,35.77,35.77,35.41,35.41,158670
BVH,20131113,35.77,35.77,35.32,35.41,426440
BVH,20131112,36.22,36.31,35.58,35.77,405890
BVH,20131111,35.86,36.4,35.86,36.22,353930
BVH,20131108,36.04,36.31,35.86,35.95,263450
BVH,20131107,36.59,36.68,36.14,36.13,210070
BVH,20131106,36.41,36.77,36.41,36.59,294640
BVH,20131105,35.86,36.4,35.86,36.41,276400
BVH,20131104,35.77,36.04,35.77,35.86,162180
BVH,20131101,36.13,36.13,35.77,35.77,257000
BVH,20131031,36.32,36.5,35.95,36.13,264420
BVH,20131030,36.68,36.68,36.32,36.59,182400
BVH,20131029,35.68,36.77,35.59,36.59,324090
BVH,20131028,36.5,36.86,35.96,35.95,243490
BVH,20131025,36.86,37.04,36.32,36.5,381110
BVH,20131024,36.86,37.5,36.68,36.86,653950
BVH,20131023,36.13,37.04,36.13,36.86,719880
BVH,20131022,36.32,36.32,35.68,35.95,303390
BVH,20131021,35.86,36.95,35.68,36.32,839130
BVH,20131018,35.41,35.77,35.23,35.68,409730
BVH,20131017,35.95,35.95,35.5,35.5,307310
BVH,20131016,34.86,35.59,34.86,35.41,306310
BVH,20131015,34.5,34.95,34.5,34.77,296100
BVH,20131014,34.95,35.13,34.5,34.5,281280
BVH,20131011,35.22,35.59,35.04,35.04,499030
BVH,20131010,35.59,35.86,34.95,34.95,867570
BVH,20131009,36.13,36.31,35.59,35.59,454490
BVH,20131008,36.32,36.59,35.86,36.13,737000
BVH,20131007,35.59,36.68,35.59,36.5,706250
BVH,20131004,35.05,35.77,34.87,35.5,621780
BVH,20131003,35.86,35.86,35.22,35.41,696740
BVH,20131002,35.04,35.86,35.04,35.86,764300
BVH,20131001,34.13,35.49,33.95,34.86,1583450
BVH,20130930,33.68,34.23,33.68,33.95,446980
BVH,20130927,33.77,34.13,33.32,33.59,639960
BVH,20130926,33.68,33.95,33.32,33.59,491080
BVH,20130925,33.41,34.32,33.32,33.68,1161240
BVH,20130924,32.59,33.41,32.5,33.23,876510
BVH,20130923,32.14,32.68,32.05,32.5,353000
BVH,20130920,32.59,32.68,32.23,32.23,410790
BVH,20130919,32.22,33.4,32.13,32.5,1160760
BVH,20130918,32.23,32.32,31.69,31.68,343260
BVH,20130917,31.87,32.41,31.87,32.23,267790
BVH,20130916,32.59,32.68,31.77,31.87,1000040
BVH,20130913,32.87,33.32,32.78,32.77,812070
BVH,20130912,32.87,33.14,32.78,32.87,265410
BVH,20130911,33.14,33.5,32.69,33.05,510290
BVH,20130910,32.68,33.14,32.68,32.96,447830
BVH,20130909,33.14,33.23,32.41,32.5,497550
BVH,20130906,33.5,33.96,32.59,33.59,826040
BVH,20130905,31.5,33.32,31.5,33.23,742230
BVH,20130904,32.32,32.41,31.23,31.41,445240
BVH,20130903,32.68,33.5,32.32,32.32,570120
BVH,20130830,30.87,32.6,30.51,32.59,516020
BVH,20130829,32.59,32.96,30.87,30.87,1023100
BVH,20130828,33.96,34.05,32.32,32.32,1126120
BVH,20130827,35.41,35.41,34.5,34.5,241540
BVH,20130826,35.13,35.49,33.77,35.41,716250
BVH,20130823,37.4,37.58,34.77,35.13,1442460
BVH,20130822,38.13,38.13,37.13,37.31,533840
BVH,20130821,38.22,38.31,37.77,37.95,388030
BVH,20130820,38.77,38.95,38.23,38.22,377410
BVH,20130819,38.31,39.31,38.13,38.68,887740
BVH,20130816,38.13,38.31,37.86,38.04,344680
BVH,20130815,37.95,38.59,37.95,38.04,683660
BVH,20130814,37.67,37.94,37.31,37.95,376600
BVH,20130813,38.13,38.13,37.41,37.4,274170
BVH,20130812,38.13,38.4,37.77,37.95,116310
BVH,20130809,38.04,38.31,37.95,37.95,397980
BVH,20130808,38.22,38.76,37.77,37.77,226050
BVH,20130807,37.95,38.68,37.77,38.22,452160
BVH,20130806,37.95,38.13,37.68,37.95,163470
BVH,20130805,38.22,38.22,37.68,37.95,211440
BVH,20130802,37.5,38.32,37.5,37.86,152070
BVH,20130801,37.77,37.95,37.22,37.5,424170
BVH,20130731,38.13,38.13,37.68,37.86,242200
BVH,20130730,37.5,38.14,37.5,38.04,124180
BVH,20130729,38.58,38.58,37.31,37.5,259560
BVH,20130726,38.58,39.4,37.86,38.58,288430
BVH,20130725,39.22,39.49,38.13,38.13,329660
BVH,20130724,40.49,40.58,39.22,39.22,335750
BVH,20130723,41.85,41.85,40.03,40.49,257300
BVH,20130722,40.4,42.04,40.4,42.03,795220
BVH,20130719,38.68,40.31,38.68,39.95,498370
BVH,20130718,39.04,39.22,38.68,38.68,208690
BVH,20130717,39.13,39.22,38.68,38.95,292530
BVH,20130716,39.13,39.49,39.13,39.22,209650
BVH,20130715,38.86,39.77,38.77,39.4,393400
BVH,20130712,37.86,38.68,37.86,38.68,253280
BVH,20130711,37.95,38.04,37.22,37.68,383780
BVH,20130710,38.76,38.76,37.86,37.86,228200
BVH,20130709,38.68,38.77,38.32,38.4,66040
BVH,20130708,38.49,38.85,38.13,38.68,163890
BVH,20130705,38.94,39.03,38.49,38.49,231780
BVH,20130704,38.94,38.94,38.58,38.58,111030
BVH,20130703,39.31,39.49,38.58,38.58,328970
BVH,20130702,37.68,39.49,37.68,39.49,441260
BVH,20130701,38.22,38.49,37.31,37.86,215080
BVH,20130628,39.22,39.5,38.23,38.22,384410
BVH,20130627,37.68,38.86,37.68,38.77,373900
BVH,20130626,38.22,39.31,37.22,37.68,655490
BVH,20130625,41.31,41.58,38.76,39.04,752980
BVH,20130624,43.48,43.48,41.3,41.67,652620
BVH,20130621,43.4,44.49,43.22,43.21,631730
BVH,20130620,44.49,45.12,43.58,43.58,226720
BVH,20130619,43.95,45.22,43.58,44.94,283270
BVH,20130618,42.85,43.57,42.67,43.31,314090
BVH,20130617,44.49,45.4,42.95,43.03,498610
BVH,20130614,45.85,46.3,44.49,44.49,336710
BVH,20130613,46.3,46.75,45.3,45.85,327130
BVH,20130612,46.28,47.16,45.4,45.39,387250
BVH,20130611,46.27,47.15,46.27,46.28,403170
BVH,20130610,46.27,48.47,45.83,45.83,757000
BVH,20130607,46.27,46.71,45.83,45.83,279000
BVH,20130606,45.39,45.83,44.95,45.83,164810
BVH,20130605,44.95,45.39,44.51,45.39,108630
BVH,20130604,45.83,46.27,44.07,44.07,350810
BVH,20130603,45.83,46.27,44.95,45.39,104940
BVH,20130531,47.16,47.16,45.4,45.39,222730
BVH,20130530,45.83,46.71,44.95,46.28,174570
BVH,20130529,47.16,47.16,45.4,45.39,259940
BVH,20130528,46.72,48.04,46.28,46.72,381730
BVH,20130527,46.71,47.15,46.27,46.28,246970
BVH,20130524,45.84,47.16,45.84,45.83,217430
BVH,20130523,46.72,48.04,46.28,46.28,338080
BVH,20130522,46.71,48.47,46.27,47.6,572400
BVH,20130521,45.39,46.27,44.51,45.83,269990
BVH,20130520,44.95,45.83,43.63,45.39,75920
BVH,20130517,45.39,45.39,44.07,44.07,85590
BVH,20130516,44.95,45.83,44.51,45.39,255190
BVH,20130515,45.39,45.83,44.07,45.39,44560
BVH,20130514,46.72,46.72,44.52,44.95,172870
BVH,20130513,44.51,46.71,44.51,46.72,453840
BVH,20130510,44.07,44.95,44.07,44.51,242770
BVH,20130509,43.63,44.95,43.63,44.07,270840
BVH,20130508,44.07,44.51,43.28,43.63,101240
BVH,20130507,43.37,44.96,42.75,44.51,441300
BVH,20130506,41.34,43.36,40.89,43.37,324270
BVH,20130503,40.55,41.17,40.55,40.63,71930
BVH,20130502,40.99,41.69,40.55,40.55,78260
BVH,20130426,40.99,41.7,40.2,41.34,302020
BVH,20130425,39.84,41.87,39.84,40.55,188060
BVH,20130424,40.55,40.9,39.67,39.84,234740
BVH,20130423,39.66,40.98,39.66,40.55,206230
BVH,20130422,39.66,40.28,39.13,39.66,430050
BVH,20130418,41.95,41.95,39.66,39.66,361850
BVH,20130417,42.75,43.19,41.78,42.04,187330
BVH,20130416,41.95,43.1,40.81,41.87,419780
BVH,20130415,44.51,44.51,43.01,43.01,364260
BVH,20130412,45.83,46.71,44.07,44.95,694430
BVH,20130411,44.95,46.27,44.95,45.83,509350
BVH,20130410,48.04,48.48,44.95,44.95,490850
BVH,20130409,48.48,49.36,48.04,48.04,222780
BVH,20130408,49.36,49.36,48.04,49.36,322530
BVH,20130405,47.16,48.48,46.72,48.48,250880
BVH,20130404,48.48,49.36,46.72,46.72,654690
BVH,20130403,48.92,50.24,48.48,48.48,609810
BVH,20130402,47.16,49.81,47.16,49.36,991010
BVH,20130401,44.07,46.72,43.9,46.72,723530
BVH,20130329,44.07,44.51,43.72,43.72,314430
BVH,20130328,44.51,44.95,44.07,44.51,202130
BVH,20130327,45.39,45.39,44.07,44.51,322320
BVH,20130326,45.83,45.83,44.95,44.95,217750
BVH,20130325,44.95,45.83,44.51,45.39,383890
BVH,20130322,45.39,45.39,43.72,44.07,530080
BVH,20130321,45.83,46.27,44.95,44.95,393650
BVH,20130320,45.83,46.27,44.95,44.95,273720
BVH,20130319,44.07,45.83,44.07,45.83,529620
BVH,20130318,45.83,46.27,44.51,44.51,344470
BVH,20130315,45.39,46.71,44.95,45.83,1200540
BVH,20130314,44.51,44.95,44.07,44.95,541350
BVH,20130313,45.4,46.72,43.99,44.95,786520
BVH,20130312,45.39,46.71,44.07,46.28,631250
BVH,20130311,46.28,47.16,44.08,45.39,918510
BVH,20130308,46.71,47.15,44.95,46.28,135170
BVH,20130307,46.72,48.04,44.96,44.95,255320
BVH,20130306,46.27,47.59,44.51,47.6,249400
BVH,20130305,46.28,46.28,43.63,44.51,252240
BVH,20130304,49.8,49.8,46.72,46.72,375750
BVH,20130301,48.48,50.25,48.04,49.8,446680
BVH,20130228,45.83,47.15,45.83,47.16,235610
BVH,20130227,45.39,45.39,42.75,44.07,352660
BVH,20130226,48.04,48.48,45.39,45.39,354580
BVH,20130225,48.48,49.8,46.72,48.48,259480
BVH,20130222,50.24,50.68,45.83,47.16,437250
BVH,20130221,52.45,52.45,48.92,48.92,353260
BVH,20130220,50.68,52.44,50.68,52.45,293700
BVH,20130219,50.24,51.56,49.8,51.12,468680
BVH,20130218,54.21,54.21,50.69,50.68,174690
BVH,20130208,51.12,53.32,50.68,52.45,207000
BVH,20130207,52.45,53.77,51.13,51.12,445630
BVH,20130206,49.8,52.45,49.8,52.45,730270
BVH,20130205,50.24,51.12,49.36,49.36,561500
BVH,20130204,51.12,52,49.8,51.12,519670
BVH,20130201,45.4,49.37,44.96,49.36,884370
BVH,20130131,47.16,48.04,45.39,46.28,953990
BVH,20130130,47.6,49.37,45.84,48.48,538790
BVH,20130129,45.39,48.03,42.31,46.28,1037470
BVH,20130128,44.51,45.39,44.07,45.39,862260
BVH,20130125,40.9,42.75,40.73,42.75,839880
BVH,20130124,37.46,40.02,37.46,40.02,439670
BVH,20130123,37.9,38.78,36.93,37.46,429720
BVH,20130122,37.9,38.69,36.31,37.02,457370
BVH,20130121,39.4,39.66,38.34,38.34,226380
BVH,20130118,40.01,40.54,38.34,39.4,422620
BVH,20130117,40.99,41.34,38.79,38.78,332240
BVH,20130116,39.84,41.51,39.66,40.99,550030
BVH,20130115,39.22,40.46,37.2,38.87,652740
BVH,20130114,40.55,40.72,39.4,39.4,776550
BVH,20130111,44.51,44.51,41.42,41.43,500180
BVH,20130110,39.05,43.02,38.96,43.01,1482200
BVH,20130109,44.95,44.95,40.98,40.99,899740
BVH,20130108,43.1,43.1,42.3,43.1,745150
BVH,20130107,41.08,41.08,40.99,41.07,160150
BVH,20130104,37.46,39.13,37.28,39.14,507990
BVH,20130103,36.93,37.28,36.05,37.28,1198550
BVH,20130102,35.08,35.52,34.82,35.52,312150
BVH,20121228,32.79,33.94,32.79,33.85,597350
BVH,20121227,31.38,32.79,31.38,32.44,521790
BVH,20121226,31.11,31.64,31.02,31.47,355440
BVH,20121225,31.03,31.82,31.03,31.11,465450
BVH,20121224,30.14,31.29,29.7,31.29,512550
BVH,20121221,29.88,31.2,29.88,30.32,1174950
BVH,20121220,29.88,29.88,29.79,29.88,671180
BVH,20121219,28.47,28.47,28.47,28.47,349340
BVH,20121218,27.06,27.77,26.36,27.15,366000
BVH,20121217,27.14,28.29,27.14,27.24,785690
BVH,20121214,28.03,28.91,27.94,28.29,585350
BVH,20121213,28.2,28.29,27.76,28.03,699850
BVH,20121212,26,26.97,25.56,26.97,593250
BVH,20121211,24.95,26.01,24.86,25.74,679860
BVH,20121210,24.59,25.12,24.59,24.86,224040
BVH,20121207,24.68,24.77,24.5,24.5,176960
BVH,20121206,24.59,24.94,24.59,24.68,136540
BVH,20121205,25.12,25.21,24.86,24.94,247370
BVH,20121204,24.06,24.94,23.97,24.86,468960
BVH,20121203,24.15,24.15,23.53,24.15,356890
BVH,20121130,24.24,24.42,24.06,24.06,190570
BVH,20121129,24.5,24.5,24.24,24.24,183590
BVH,20121128,24.42,24.42,24.16,24.15,219890
BVH,20121127,24.41,24.68,24.41,24.42,97650
BVH,20121126,24.5,24.68,24.32,24.5,156030
BVH,20121123,24.51,25.13,24.42,24.5,378170
BVH,20121122,24.24,24.68,24.24,24.42,178640
BVH,20121121,24.59,24.68,24.32,24.42,124400
BVH,20121120,24.5,24.76,24.32,24.5,328630
BVH,20121119,24.68,24.94,24.5,24.5,173440
BVH,20121116,24.95,25.13,24.68,24.68,454660
BVH,20121115,25.21,25.21,24.32,24.42,362580
BVH,20121114,25.21,25.65,25.03,25.03,111430
BVH,20121113,24.94,26.09,24.86,25.12,451610
BVH,20121112,25.21,25.39,24.77,25.12,350640
BVH,20121109,25.38,25.91,25.21,25.21,175980
BVH,20121108,25.3,25.57,25.04,25.56,587060
BVH,20121107,23.71,24.42,23.53,24.42,419970
BVH,20121106,23.8,24.06,23.01,23.27,233980
BVH,20121105,23.88,24.85,23.8,23.8,295680
BVH,20121102,25.12,25.3,25.04,25.03,232990
BVH,20121101,26.79,26.79,26.26,26.27,48040
BVH,20121031,26.53,26.7,26.18,26.44,147450
BVH,20121030,26.88,26.88,26.44,26.44,152930
BVH,20121029,26.71,27.24,26.71,26.88,60190
BVH,20121026,27.24,27.24,26.71,27.06,99800
BVH,20121025,26.97,27.14,26.7,26.71,168710
BVH,20121024,27.59,27.59,27.15,27.32,122040
BVH,20121023,27.41,27.85,27.32,27.5,212200
BVH,20121022,26.8,27.51,26.54,27.41,168230
BVH,20121019,27.06,27.32,26.35,26.8,268650
BVH,20121018,27.06,27.59,27.06,27.06,183020
BVH,20121017,27.94,27.94,26.97,26.97,242960
BVH,20121016,27.15,27.68,26.71,27.68,137440
BVH,20121015,27.76,27.76,26.62,26.62,221400
BVH,20121012,27.76,27.76,27.41,27.41,264330
BVH,20121011,28.2,28.73,27.76,27.85,170900
BVH,20121010,27.41,28.21,27.24,27.85,154780
BVH,20121009,27.15,27.86,26.89,27.59,537280
BVH,20121008,26.26,27.23,26.26,27.15,184990
BVH,20121005,26,26.44,25.91,26.35,212020
BVH,20121004,26.27,26.71,26,26,161650
BVH,20121003,26.44,27.23,26,26.71,212050
BVH,20121002,27.15,28.03,25.83,26,340030
BVH,20121001,28.56,28.56,27.15,27.15,432260
BVH,20120928,29.08,29.08,28.55,28.56,347460
BVH,20120927,28.47,29.09,28.39,28.73,352850
BVH,20120926,27.24,28.91,27.24,28.65,464820
BVH,20120925,28.21,29,27.59,27.59,528420
BVH,20120924,29.53,29.97,29,29,686430
BVH,20120921,30.24,30.5,29.09,30.5,2948320
BVH,20120920,29.09,29.09,28.83,29.09,2017460
BVH,20120919,26.88,27.76,26.79,27.77,1352460
BVH,20120918,27.94,27.94,25.56,26.44,2119060
BVH,20120917,26.62,26.62,26.62,26.62,70300
BVH,20120914,25.39,25.39,25.39,25.39,98900
BVH,20120913,24.24,24.24,24.24,24.24,101610
BVH,20120912,22.3,23.1,22.3,23.09,119080
BVH,20120911,21.94,22.83,21.94,22.04,538900
BVH,20120910,24.15,24.24,23.09,23.09,475920
BVH,20120907,24.77,25.21,23.89,24.24,462430
BVH,20120906,25.74,25.91,24.77,24.77,640700
BVH,20120905,27.5,27.5,25.92,26,602080
BVH,20120904,26.88,27.76,26.88,27.24,523210
BVH,20120831,28.21,28.38,26.88,26.88,616350
BVH,20120830,28.38,28.73,28.03,28.03,666760
BVH,20120829,28.65,29,28.03,28.47,675580
BVH,20120828,28.12,28.82,28.03,28.03,677010
BVH,20120827,30.5,30.85,29.44,29.44,258590
BVH,20120824,30.23,32.53,30.23,30.94,959400
BVH,20120823,31.9,31.99,31.82,31.82,234960
BVH,20120822,33.5,34.55,33.5,33.49,725320
BVH,20120821,36.58,36.58,35.17,35.17,516090
BVH,20120820,37.02,37.37,36.67,36.93,196980
BVH,20120817,36.58,36.76,36.49,36.58,280650
BVH,20120816,36.58,36.85,36.49,36.58,222650
BVH,20120815,37.02,37.19,36.58,36.67,264170
BVH,20120814,36.67,37.29,36.67,36.93,168970
BVH,20120813,37.1,37.19,36.66,36.76,190240
BVH,20120810,37.29,38.08,37.02,37.28,304610
BVH,20120809,36.23,37.99,36.23,37.2,490140
BVH,20120808,36.84,36.84,36.14,36.23,144110
BVH,20120807,36.93,36.93,36.05,36.4,361520
BVH,20120806,36.14,37.37,36.14,36.84,355110
BVH,20120803,35.96,36.58,35.87,35.96,251280
BVH,20120802,35.88,36.41,35.88,35.96,195860
BVH,20120801,36.49,36.49,35.43,35.79,390660
BVH,20120731,36.32,37.2,36.32,36.4,260230
BVH,20120730,36.23,36.67,36.06,36.32,273030
BVH,20120727,37.2,37.82,36.14,36.32,377410
BVH,20120726,37.46,38.25,36.84,37.2,325910
BVH,20120725,38.16,38.78,37.46,37.46,521740
BVH,20120724,40.9,40.9,39.22,39.22,420680
BVH,20120723,42.31,43.81,41.25,41.25,424380
BVH,20120720,42.22,42.22,42.04,42.22,1055850
BVH,20120719,38.34,40.28,38.34,40.28,1753130
BVH,20120718,37.9,38.43,37.64,38.43,534900
BVH,20120717,37.02,38.43,37.02,37.9,382030
BVH,20120716,37.99,38.08,37.11,37.11,98250
BVH,20120713,36.49,38.25,36.49,38.08,199020
BVH,20120712,36.32,36.67,36.06,36.49,127640
BVH,20120711,36.32,36.76,36.14,36.32,96650
BVH,20120710,36.13,37.63,36.13,36.14,121830
BVH,20120709,38.43,38.43,36.84,36.84,71880
BVH,20120706,37.64,39.14,37.55,38.43,146790
BVH,20120705,36.4,37.63,36.4,37.64,85890
BVH,20120704,36.49,37.81,36.49,36.84,77530
BVH,20120703,37.91,38.08,36.85,36.93,93290
BVH,20120702,38.95,39.04,38.16,38.17,79110
BVH,20120629,39.13,39.13,37.9,38.69,213140
BVH,20120628,37.28,38.08,36.93,37.28,221250
BVH,20120627,39.66,39.84,38.34,38.34,183550
BVH,20120626,40.99,41.43,39.4,39.4,357970
BVH,20120625,42.75,43.01,41.43,41.43,171770
BVH,20120622,42.93,43.63,42.49,42.75,170350
BVH,20120621,43.63,43.9,43.37,43.37,90070
BVH,20120620,43.98,43.98,43.37,43.81,55510
BVH,20120619,44.51,44.95,43.54,43.63,124780
BVH,20120618,45.83,46.27,44.51,44.51,435640
BVH,20120615,42.57,44.51,42.57,44.51,263650
BVH,20120614,42.75,43.54,42.57,42.57,216400
BVH,20120613,43.36,43.36,42.57,42.75,149270
BVH,20120612,43.63,44.51,43.01,43.01,103780
BVH,20120611,44.51,45.39,43.72,43.72,248410
BVH,20120608,45.39,46.27,44.51,44.51,253590
BVH,20120607,44.07,45.39,43.72,45.39,593680
BVH,20120606,42.31,43.63,42.31,43.54,117670
BVH,20120605,41.08,42.84,41.08,42.4,282560
BVH,20120604,44.95,44.95,42.31,42.31,344760
BVH,20120601,44.07,44.95,43.71,44.07,205770
BVH,20120531,43.72,45.4,43.19,43.45,237790
BVH,20120530,44.95,44.95,43.63,43.81,380280
BVH,20120529,44.95,44.95,43.01,43.19,382500
BVH,20120528,48.04,48.04,44.95,44.95,263660
BVH,20120525,45.24,46.1,44.81,46.1,210970
BVH,20120524,45.67,46.1,43.52,43.95,371190
BVH,20120523,47.39,47.39,45.67,45.67,108330
BVH,20120522,49.12,49.55,46.97,47.39,209070
BVH,20120521,48.25,48.25,46.96,48.26,996590
BVH,20120518,46.96,46.96,44.81,46.1,486970
BVH,20120517,49.12,49.98,46.97,46.96,436240
BVH,20120516,51.7,52.13,49.12,49.12,517700
BVH,20120515,51.7,53.86,51.7,51.7,198550
BVH,20120514,55.58,56.87,54.28,54.29,75250
BVH,20120511,58.59,58.59,56.87,56.87,93740
BVH,20120510,59.03,59.46,57.74,57.73,93060
BVH,20120509,61.18,61.18,59.03,59.03,73500
BVH,20120508,61.18,61.18,59.46,59.46,41330
BVH,20120507,59.46,61.62,58.6,61.61,76330
BVH,20120504,58.6,59.89,58.6,59.03,58300
BVH,20120503,58.6,59.89,58.17,59.03,54920
BVH,20120502,59.46,60.75,59.46,59.89,67260
BVH,20120427,60.75,60.75,59.03,59.89,18430
BVH,20120426,60.75,61.18,59.45,59.46,113200
BVH,20120425,62.04,62.48,60.32,62.04,67740
BVH,20120424,61.18,61.18,59.46,59.89,50540
BVH,20120423,62.47,62.47,61.18,61.18,23860
BVH,20120420,63.33,63.33,62.04,62.04,32480
BVH,20120419,61.18,62.9,60.75,62.9,82580
BVH,20120418,61.18,62.47,61.18,61.18,95710
BVH,20120417,62.47,62.9,61.61,62.04,90550
BVH,20120416,64.63,64.63,62.48,62.47,85690
BVH,20120413,63.76,63.76,62.9,63.77,33550
BVH,20120412,62.47,62.9,61.61,62.47,95740
BVH,20120411,62.47,63.76,61.61,62.47,43750
BVH,20120410,62.91,63.77,62.05,62.04,39830
BVH,20120409,63.77,63.77,62.05,63.77,12970
BVH,20120406,63.76,63.76,62.04,63.77,22710
BVH,20120405,61.18,63.76,60.32,63.33,39630
BVH,20120404,62.05,64.63,61.18,62.04,66560
BVH,20120403,64.63,64.63,63.34,63.77,89600
BVH,20120330,64.63,64.63,62.9,64.63,108570
BVH,20120329,63.76,63.76,61.61,61.61,36680
BVH,20120328,62.04,62.9,59.02,62.9,172250
BVH,20120327,62.91,63.77,61.61,61.61,65000
BVH,20120326,62.47,64.62,62.04,64.63,63690
BVH,20120323,62.48,62.48,62.04,62.47,81240
BVH,20120322,58.6,62.48,58.6,59.89,67150
BVH,20120321,57.3,59.88,57.3,59.89,73570
BVH,20120320,57.73,60.32,57.73,57.73,94690
BVH,20120319,61.18,63.34,60.75,60.75,121300
BVH,20120316,62.47,63.77,61.18,63.77,412380
BVH,20120315,60.74,60.74,58.16,60.75,546800
BVH,20120314,58.17,58.17,58.17,58.16,83870
BVH,20120313,55.57,55.57,55.57,55.58,148390
BVH,20120312,52.99,52.99,52.56,52.99,103980
BVH,20120309,50.41,51.27,49.98,50.84,79710
BVH,20120308,50.84,51.7,50.41,50.41,169940
BVH,20120307,52.13,52.56,50.84,52.56,216010
BVH,20120306,55.15,55.58,51.7,51.7,218350
BVH,20120305,53.42,54.28,53.42,54.29,160680
BVH,20120302,50.84,51.7,49.98,51.7,103820
BVH,20120301,48.68,49.54,47.39,49.55,91490
BVH,20120229,48.26,49.12,46.97,47.39,452860
BVH,20120228,49.98,51.7,49.12,49.12,115620
BVH,20120227,51.7,52.56,50.41,50.41,185660
BVH,20120224,53.42,53.42,51.7,51.7,158390
BVH,20120223,52.56,52.56,50.41,52.13,153350
BVH,20120222,49.98,51.7,49.98,51.7,80870
BVH,20120221,52.13,52.13,49.98,49.98,356730
BVH,20120220,49.97,49.97,49.97,49.98,50010
BVH,20120217,46.96,47.82,46.96,47.82,45880
BVH,20120216,46.53,47.39,45.67,45.67,149890
BVH,20120215,47.39,47.39,45.67,46.53,63540
BVH,20120214,45.67,48.25,45.24,47.39,177640
BVH,20120213,48.26,48.69,47.4,47.39,215900
BVH,20120210,50.84,50.84,49.12,49.55,132270
BVH,20120209,51.7,51.7,50.41,50.84,95070
BVH,20120208,51.7,52.56,50.84,51.7,121500
BVH,20120207,48.26,50.41,47.4,50.41,97120
BVH,20120206,48.26,49.12,46.11,48.26,79230
BVH,20120203,49.54,49.54,48.25,48.26,223040
BVH,20120202,46.53,47.39,45.24,47.39,66060
BVH,20120201,44.81,45.24,43.95,45.24,136410
BVH,20120131,46.1,46.96,44.81,44.81,161730
BVH,20120130,41.79,45.23,41.53,45.24,127220
BVH,20120120,45.24,45.67,43.09,43.08,133450
BVH,20120119,42.22,43.51,41.79,43.52,40070
BVH,20120118,41.36,41.79,40.93,41.79,67390
BVH,20120117,39.2,39.81,38.34,39.81,166140
BVH,20120116,40.24,40.42,37.06,37.91,258970
BVH,20120113,38.52,38.52,38.52,38.52,74770
BVH,20120112,36.71,36.71,36.71,36.71,79010
BVH,20120111,34.47,34.99,34.04,34.99,32720
BVH,20120110,31.28,33.35,31.28,33.35,114500
BVH,20120109,32.74,32.74,31.79,31.8,147460
BVH,20120106,35.25,35.25,33.44,33.43,157940
BVH,20120105,35.76,36.79,35.16,35.16,27990
BVH,20120104,37.06,37.06,36.37,36.88,41080
BVH,20120103,36.11,36.97,35.33,36.97,108270
BVH,20111230,36.1,36.88,34.98,35.33,107750
BVH,20111229,35.5,36.53,35.5,35.76,58060
BVH,20111228,37.4,38.78,36.62,36.62,149900
BVH,20111227,37.57,37.65,37.39,37.4,96240
BVH,20111226,41.28,41.28,39.3,39.29,95170
BVH,20111223,41.54,42.57,40.93,41.28,152050
BVH,20111222,45.24,45.67,43,43,267960
BVH,20111221,46.53,46.53,45.24,45.24,247600
BVH,20111220,44.81,46.53,43.95,45.24,98780
BVH,20111219,44.81,45.24,44.38,45.24,91110
BVH,20111216,43.95,46.53,43.95,44.81,138030
BVH,20111215,45.24,46.1,44.81,44.81,250340
BVH,20111214,48.69,49.12,46.54,46.96,247390
BVH,20111213,49.98,50.41,48.69,48.69,96490
BVH,20111212,49.98,50.41,49.12,49.55,101190
BVH,20111209,50.84,50.84,49.12,49.55,151400
BVH,20111208,51.7,52.56,50.84,50.84,100930
BVH,20111207,52.56,52.99,51.7,52.13,97290
BVH,20111206,55.58,55.58,52.57,52.56,90280
BVH,20111205,52.56,54.28,52.56,54.29,117490
BVH,20111202,50.41,52.13,50.41,51.7,86770
BVH,20111201,50.41,51.7,48.26,50.41,251650
BVH,20111130,50.84,51.27,49.98,50.41,79860
BVH,20111129,51.7,52.99,50.84,50.84,38960
BVH,20111128,53.42,54.28,51.7,51.7,60470
BVH,20111125,52.13,52.99,50.84,52.56,47290
BVH,20111124,53.43,54.29,52.14,52.13,70070
BVH,20111123,52.99,53.42,52.99,53.43,62170
BVH,20111122,48.26,51.27,48.26,51.27,80630
BVH,20111121,51.7,51.7,49.12,49.12,144490
BVH,20111118,52.13,52.13,50.41,51.27,202450
BVH,20111117,54.72,55.15,52.13,52.13,210110
BVH,20111116,53.86,56.01,53.86,54.72,101240
BVH,20111115,52.99,54.71,52.56,53.86,88030
BVH,20111114,54.29,54.29,51.71,52.99,91830
BVH,20111111,52.57,55.15,52.57,53.43,39020
BVH,20111110,53.43,54.29,53.43,54.29,62980
BVH,20111109,54.72,55.58,54.29,54.29,16870
BVH,20111108,55.15,56.01,53.86,54.72,69890
BVH,20111107,55.15,56.87,55.15,55.15,80880
BVH,20111104,56.87,57.3,56.01,56.44,77530
BVH,20111103,56.01,56.87,54.29,55.58,85470
BVH,20111102,56.01,56.88,56.01,56.01,196690
BVH,20111101,59.89,60.32,58.59,58.6,115570
BVH,20111031,62.9,64.63,61.61,61.61,185580
BVH,20111028,59.89,61.62,58.6,61.61,126050
BVH,20111027,57.3,59.03,57.3,59.03,139900
BVH,20111026,54.72,56.45,54.29,56.44,141090
BVH,20111025,56.01,56.44,53.86,53.86,60230
BVH,20111024,55.15,56.88,55.15,55.58,117100
BVH,20111021,51.7,54.28,51.7,54.29,125480
BVH,20111020,52.99,52.99,51.7,51.7,30320
BVH,20111019,52.56,52.99,50.84,51.7,46490
BVH,20111018,52.57,53.43,52.14,52.13,32690
BVH,20111017,53.86,54.72,53,53.86,34440
BVH,20111014,54.29,54.29,53.43,53.86,69490
BVH,20111013,53.42,54.28,52.13,53.43,53900
BVH,20111012,53.43,53.86,52.57,52.99,85820
BVH,20111011,55.58,55.58,53.86,54.29,61860
BVH,20111010,53.43,56.01,53.43,54.72,74320
BVH,20111007,55.15,55.15,53.86,53.86,87600
BVH,20111006,53.86,55.58,53.86,54.29,128010
BVH,20111005,56.44,56.44,53.43,53.86,93690
BVH,20111004,53.43,55.15,53,55.15,126480
BVH,20111003,56.01,57.73,55.15,55.15,145600
BVH,20110930,57.3,60.31,56.87,57.73,92240
BVH,20110929,58.17,60.32,56.87,58.16,120490
BVH,20110928,59.46,61.61,59.02,59.46,167490
BVH,20110927,61.62,61.62,59.03,61.61,84080
BVH,20110926,59.02,64.19,59.02,59.03,276860
BVH,20110923,61.18,62.91,61.18,62.04,207950
BVH,20110922,59.46,64.2,58.16,64.2,405080
BVH,20110921,62.05,64.2,61.18,61.18,160800
BVH,20110920,64.19,65.49,64.19,64.2,162690
BVH,20110919,67.21,68.51,67.21,67.21,147580
BVH,20110916,70.66,73.25,70.66,70.66,278230
BVH,20110915,74.11,74.11,68.07,74.11,374950
BVH,20110914,68.93,70.66,68.93,70.66,211920
BVH,20110913,67.22,67.65,65.49,67.64,64660
BVH,20110912,60.32,64.63,60.32,64.63,246960
BVH,20110909,60.32,62.9,60.32,61.61,118240
BVH,20110908,60.31,60.74,59.88,60.75,162000
BVH,20110907,57.3,58.17,56.87,58.16,91640
BVH,20110906,54.28,55.57,53.42,55.58,118250
BVH,20110905,51.27,52.99,51.27,52.99,260060
BVH,20110901,50.84,51.7,50.41,50.84,75650
BVH,20110831,51.7,52.56,49.98,49.98,227180
BVH,20110830,51.7,52.99,50.41,51.27,169190
BVH,20110829,49.55,50.84,49.55,50.84,120930
BVH,20110826,49.12,49.55,48.69,48.69,54760
BVH,20110825,48.25,49.11,47.82,48.69,85710
BVH,20110824,49.55,50.84,47.83,47.82,133410
BVH,20110823,51.7,51.7,49.55,49.55,114860
BVH,20110822,50.84,52.99,50.84,51.7,67160
BVH,20110819,51.27,52.13,49.98,51.27,121770
BVH,20110818,50.84,52.13,50.84,52.13,71460
BVH,20110817,48.25,49.97,48.25,49.98,71970
BVH,20110816,47.39,48.68,47.39,47.82,40350
BVH,20110815,48.69,48.69,47.4,47.39,29960
BVH,20110812,49.55,49.98,48.26,48.26,46980
BVH,20110811,47.83,49.12,47.4,49.12,103670
BVH,20110810,51.7,52.56,49.55,49.55,118340
BVH,20110809,51.27,53.43,51.27,51.27,27730
BVH,20110808,53.86,55.15,52.14,53.86,149880
BVH,20110805,51.27,53.42,51.27,53.43,211340
BVH,20110804,49.12,51.27,49.12,51.27,142490
BVH,20110803,50.84,51.27,49.12,49.12,101150
BVH,20110802,52.57,52.57,51.7,51.7,111190
BVH,20110801,55.15,56.44,54.28,54.29,75170
BVH,20110729,56.87,57.3,55.15,56.87,96760
BVH,20110728,57.3,58.16,56.87,56.87,35590
BVH,20110727,57.3,58.59,56.87,57.3,50690
BVH,20110726,59.46,59.89,58.17,58.16,49030
BVH,20110725,60.32,60.75,59.46,59.46,33080
BVH,20110722,59.89,61.18,59.03,59.46,149560
BVH,20110721,61.61,62.04,61.18,61.18,43160
BVH,20110720,60.75,62.47,60.75,62.47,96140
BVH,20110719,62.04,62.9,60.75,61.18,82920
BVH,20110718,62.47,62.9,62.04,62.47,9917
BVH,20110715,63.77,63.77,61.18,62.9,156130
BVH,20110714,62.9,63.77,60.75,63.77,51580
BVH,20110713,63.34,63.34,60.75,60.75,41620
BVH,20110712,62.47,62.47,60.75,60.75,74630
BVH,20110711,63.33,63.33,62.9,62.9,43880
BVH,20110708,63.77,64.63,63.34,63.33,70330
BVH,20110707,64.2,64.63,63.34,63.77,52090
BVH,20110706,64.2,65.49,63.77,64.2,57730
BVH,20110705,64.63,66.35,64.2,64.63,76850
BVH,20110704,65.06,65.06,63.77,64.2,23720
BVH,20110701,67.21,67.21,65.06,65.06,72820
BVH,20110630,67.64,69.36,67.64,67.64,93700
BVH,20110629,65.92,68.51,65.92,68.07,149400
BVH,20110628,65.49,66.78,65.49,65.49,35220
BVH,20110627,67.21,68.07,65.49,65.49,34220
BVH,20110624,68.07,68.07,65.92,65.92,79140
BVH,20110623,68.51,68.51,66.78,66.78,74300
BVH,20110622,69.8,70.66,68.94,69.37,61200
BVH,20110621,68.5,70.23,68.07,70.23,39320
BVH,20110620,70.66,70.66,66.78,67.21,27030
BVH,20110617,70.66,72.38,68.93,69.37,253370
BVH,20110616,70.66,73.25,70.66,72.38,92100
BVH,20110615,68.51,73.68,68.07,73.68,130890
BVH,20110614,70.23,74.11,70.23,70.66,108440
BVH,20110613,73.67,76.69,73.67,73.68,86550
BVH,20110610,76.26,77.98,76.26,77.55,57160
BVH,20110609,78.41,78.41,76.26,77.55,15370
BVH,20110608,76.69,78.41,76.69,77.12,39750
BVH,20110607,76.69,76.69,76.26,76.69,56970
BVH,20110606,72.81,74.97,72.81,73.24,44350
BVH,20110603,79.71,79.71,73.24,76.26,188830
BVH,20110602,76.26,76.26,73.24,76.26,79210
BVH,20110601,71.52,72.81,69.79,72.81,68630
BVH,20110531,69.62,69.62,68.77,69.62,53570
BVH,20110530,66.65,66.65,65.38,66.65,77340
BVH,20110527,63.68,63.68,63.68,63.68,27200
BVH,20110526,55.61,60.71,55.61,60.71,147120
BVH,20110525,58.16,58.58,58.16,58.16,202860
BVH,20110524,61.56,64.1,60.28,61.13,226840
BVH,20110523,66.65,66.65,62.83,62.83,322010
BVH,20110520,66.23,67.08,65.8,65.8,263720
BVH,20110519,71.32,74.29,69.19,69.2,79780
BVH,20110518,73.86,75.99,72.59,72.59,71190
BVH,20110517,76.41,77.68,75.99,76.41,57940
BVH,20110516,75.57,78.54,75.57,76.41,93970
BVH,20110513,74.72,78.12,74.3,76.84,135190
BVH,20110512,75.14,75.14,73.87,74.72,52590
BVH,20110511,73.87,76.41,73.44,75.14,48590
BVH,20110510,75.14,76.41,74.72,75.99,49480
BVH,20110509,68.77,75.14,68.34,75.14,102890
BVH,20110506,71.74,72.17,71.74,71.74,43210
BVH,20110505,78.11,78.11,75.14,75.14,82750
BVH,20110504,78.11,80.24,77.69,78.96,157690
BVH,20110429,75.56,78.54,75.56,77.69,171520
BVH,20110428,74.29,75.57,73.87,75.14,92800
BVH,20110427,73.02,73.02,70.47,73.02,91260
BVH,20110426,70.04,74.71,70.04,70.47,103730
BVH,20110425,71.32,72.17,70.89,71.74,160870
BVH,20110422,69.62,70.04,66.22,68.77,96840
BVH,20110421,66.65,69.62,66.65,69.62,143010
BVH,20110420,64.53,66.65,64.1,66.65,147240
BVH,20110419,64.95,65.8,63.68,63.68,98880
BVH,20110418,64.11,66.23,62.83,64.95,13024
BVH,20110415,62.83,64.53,62.41,64.53,155960
BVH,20110414,61.13,62.4,61.13,62.41,86590
BVH,20110413,62.83,62.83,61.98,61.98,31770
BVH,20110408,62.83,63.68,62.83,62.83,43270
BVH,20110407,63.68,64.1,62.41,63.68,67580
BVH,20110406,63.25,64.52,62.83,63.68,53660
BVH,20110405,62.4,63.25,61.13,63.25,68260
BVH,20110404,61.98,62.4,61.56,61.98,47580
BVH,20110401,62.4,63.25,61.98,61.98,38610
BVH,20110331,64.1,64.53,63.26,63.25,114840
BVH,20110330,61.14,64.11,61.14,63.68,131620
BVH,20110329,62.83,62.83,61.56,61.56,88590
BVH,20110328,59.86,62.83,59.86,61.98,90970
BVH,20110325,61.14,61.98,59.86,59.86,134930
BVH,20110324,63.25,63.68,61.13,61.56,124100
BVH,20110323,64.53,64.53,63.68,64.1,34850
BVH,20110322,64.95,64.95,63.68,64.53,146400
BVH,20110321,64.52,64.95,63.67,64.53,214550
BVH,20110318,63.26,63.68,63.26,63.25,664290
BVH,20110317,66.22,69.2,66.22,66.23,119900
BVH,20110316,70.05,73.02,69.62,69.62,113510
BVH,20110315,73.02,73.44,73.02,73.02,107740
BVH,20110314,78.11,78.11,75.56,76.84,101540
BVH,20110311,78.12,78.12,78.12,78.11,103940
BVH,20110310,70.47,74.72,70.47,74.72,96780
BVH,20110309,72.17,73.87,69.62,71.32,82950
BVH,20110308,73.87,73.87,73.02,73.02,91630
BVH,20110307,69.2,70.47,69.2,70.47,35780
BVH,20110304,65.38,67.5,64.53,67.5,121760
BVH,20110303,63.68,66.23,63.68,64.53,168830
BVH,20110302,63.68,66.65,63.68,66.65,76690
BVH,20110301,58.59,63.68,58.59,63.68,78400
BVH,20110228,61.98,66.65,60.71,60.71,215450
BVH,20110225,63.26,66.23,63.26,63.68,279810
BVH,20110224,66.22,66.22,66.22,66.23,40740
BVH,20110223,69.62,70.47,69.62,69.62,109410
BVH,20110222,73.02,73.87,73.02,73.02,149870
BVH,20110221,78.96,78.96,76.84,76.84,29850
BVH,20110218,80.24,81.09,79.82,80.66,49270
BVH,20110217,80.24,80.66,79.39,80.24,107310
BVH,20110216,82.36,82.36,79.81,80.24,130300
BVH,20110215,74.29,80.66,74.29,80.66,63320
BVH,20110214,78.54,79.39,76.84,76.84,63870
BVH,20110211,82.35,82.35,79.38,80.24,80170
BVH,20110210,82.78,85.75,78.96,81.08,174800
BVH,20110209,82.78,82.78,82.78,82.78,95650
BVH,20110128,70.47,75.57,70.47,75.57,118450
BVH,20110127,72.17,72.6,72.17,72.17,182060
BVH,20110126,75.57,76.42,75.57,75.57,269800
BVH,20110125,79.39,79.81,79.39,79.39,61450
BVH,20110124,90,90,83.2,83.21,190440
BVH,20110121,87.46,87.46,87.46,87.45,131780
BVH,20110120,84.06,84.06,83.21,84.06,213910
BVH,20110119,80.23,80.23,80.23,80.24,85720
BVH,20110118,75.14,76.42,75.14,76.41,103130
BVH,20110117,73.02,73.02,72.17,73.02,71850
BVH,20110114,67.92,69.62,67.92,69.62,128020
BVH,20110113,64.53,67.5,64.11,66.65,133770
BVH,20110112,64.1,64.52,64.1,64.53,56830
BVH,20110111,60.29,64.11,60.29,64.1,102300
BVH,20110110,61.98,62.41,60.71,62.41,85160
BVH,20110107,59.86,61.13,58.59,60.71,74350
BVH,20110106,59.01,59.86,57.74,59.86,50560
BVH,20110105,58.16,58.58,56.04,58.16,49450
BVH,20110104,54.76,57.31,54.76,57.31,25120
BVH,20101231,55.62,56.89,54.77,54.76,10410
BVH,20101230,56.46,57.31,56.04,56.89,132700
BVH,20101229,55.19,56.46,55.19,56.04,70990
BVH,20101228,54.34,56.46,54.34,56.46,85270
BVH,20101227,54.76,55.61,53.91,55.61,19140
BVH,20101224,57.31,57.31,54.76,54.76,49170
BVH,20101223,59.43,59.43,57.31,57.31,139910
BVH,20101222,59.01,59.01,56.88,59.01,183870
BVH,20101221,51.79,56.46,51.79,56.46,129720
BVH,20101220,55.61,55.61,53.91,53.91,83350
BVH,20101217,59.01,59.43,56.46,56.46,434580
BVH,20101216,59.43,61.98,59.01,59.01,56790
BVH,20101215,61.98,61.98,60.29,61.98,157840
BVH,20101214,59.01,61.98,57.31,60.71,116480
BVH,20101213,57.74,60.29,57.74,60.28,87100
BVH,20101210,55.19,57.74,55.19,57.74,132120
BVH,20101209,53.49,55.61,53.49,55.19,76730
BVH,20101208,54.34,54.76,54.34,54.76,40460
BVH,20101207,53.49,54.76,53.49,54.76,180180
BVH,20101206,54.76,54.76,54.34,54.34,93510
BVH,20101203,54.76,54.76,53.49,54.34,109310
BVH,20101202,54.33,55.18,54.33,54.34,195280
BVH,20101201,53.91,53.91,53.06,53.91,67560
BVH,20101130,54.34,54.34,52.64,53.91,83060
BVH,20101129,52.64,54.33,52.64,54.34,127140
BVH,20101126,53.92,54.34,53.49,53.91,47710
BVH,20101125,53.49,54.34,53.07,54.34,16090
BVH,20101124,53.49,54.34,52.22,54.34,101640
BVH,20101123,53.91,53.91,52.22,52.22,187930
BVH,20101122,52.22,53.49,52.22,53.49,98340
BVH,20101119,53.91,53.91,52.22,52.22,63030
BVH,20101118,53.49,53.91,52.64,53.49,80710
BVH,20101117,50.95,53.49,50.95,53.49,63570
BVH,20101116,53.06,53.91,52.21,52.22,205740
BVH,20101115,55.19,55.19,53.49,53.91,85130
BVH,20101112,55.18,55.18,54.34,55.19,208120
BVH,20101111,53.07,54.76,53.07,54.76,62370
BVH,20101110,53.49,54.34,53.06,54.34,162500
BVH,20101109,52.64,54.33,51.79,51.79,158110
BVH,20101108,54.76,54.76,53.49,53.91,49730
BVH,20101105,53.49,54.76,52.22,54.76,78310
BVH,20101104,52.64,53.49,52.22,53.49,118310
BVH,20101103,53.07,53.07,52.22,52.64,122430
BVH,20101102,54.34,54.34,53.06,53.07,71230
BVH,20101101,54.34,54.76,54.34,54.76,93170
BVH,20101029,54.34,54.76,54.34,54.76,154780
BVH,20101028,54.34,54.34,53.49,54.34,64750
BVH,20101027,54.34,54.34,53.92,54.34,155350
BVH,20101026,53.91,54.33,53.06,54.34,85790
BVH,20101025,54.34,54.76,53.49,53.91,158270
BVH,20101022,53.07,54.34,52.64,54.34,114200
BVH,20101021,50.09,53.49,50.09,53.49,97400
BVH,20101020,53.06,53.06,51.79,51.79,102450
BVH,20101019,52.64,53.91,52.64,53.91,193490
BVH,20101018,54.34,54.34,53.06,53.49,90390
BVH,20101015,53.49,54.76,52.64,54.76,205210
BVH,20101014,53.49,54.34,53.06,53.49,204150
BVH,20101013,51.79,52.64,50.94,52.64,180290
BVH,20101012,49.25,51.79,49.25,50.52,141520
BVH,20101011,49.67,53.49,49.67,50.52,195370
BVH,20101008,53.49,53.91,50.94,50.94,297820
BVH,20101007,53.49,53.49,51.79,53.49,308750
BVH,20101006,49.24,50.94,49.24,50.94,170330
BVH,20101005,46.7,48.82,46.28,48.82,251380
BVH,20101004,46.27,46.7,45,46.7,112600
BVH,20101001,47.12,47.54,45.85,45.85,37160
BVH,20100930,45,47.12,43.73,47.12,144180
BVH,20100929,45.85,45.85,44.15,45,85760
BVH,20100928,42.45,43.73,42.45,43.73,186590
BVH,20100927,41.6,41.85,41.51,41.86,32940
BVH,20100924,38.78,40.7,38.78,39.9,109660
BVH,20100923,39.9,40.3,39.5,40.3,120890
BVH,20100922,39.42,39.9,39.42,39.9,245870
BVH,20100921,39.74,39.82,39.1,39.82,1090540
BVH,20100920,39.9,39.9,37.26,39.58,720680
BVH,20100917,39.03,39.03,38.95,39.02,359180
BVH,20100916,38.71,39.11,38.71,38.95,634270
BVH,20100915,37.11,38.79,37.11,38.63,256410
BVH,20100914,38.71,38.87,37.11,37.11,202150
BVH,20100913,36.31,37.91,36.31,37.91,108290
BVH,20100910,39.5,39.5,37.91,37.91,138940
BVH,20100909,39.9,39.9,39.5,39.9,131130
BVH,20100908,38.7,40.7,38.3,39.9,286700
BVH,20100907,37.5,39.1,37.5,39.1,523000
BVH,20100906,38.71,39.11,38.31,39.1,425670
BVH,20100901,38.31,38.71,37.91,38.71,310390
BVH,20100831,38.31,38.71,37.11,38.71,397350
BVH,20100830,36.63,38.39,36.63,38.39,512450
BVH,20100827,35.19,36.63,35.19,36.63,74620
BVH,20100826,34.96,34.96,34.72,34.95,62000
BVH,20100825,35.19,35.27,33.35,33.36,120430
BVH,20100824,35.11,35.35,33.91,35.11,50300
BVH,20100823,36.31,36.31,34.71,35.35,3140
BVH,20100820,36.71,36.71,35.11,36.47,24480
BVH,20100819,36.31,36.71,36.23,36.71,32880
BVH,20100818,35.91,36.71,35.19,36.63,1600
BVH,20100817,35.91,36.71,35.91,36.71,110750
BVH,20100816,35.91,36.71,35.91,35.91,8210
BVH,20100813,35.11,36.31,35.11,35.91,4230
BVH,20100812,36.31,36.71,36.31,36.31,39380
BVH,20100811,36.31,37.03,36.31,36.63,67490
BVH,20100810,36.31,36.71,36.31,36.31,13090
BVH,20100809,37.91,37.91,36.71,36.71,128190
BVH,20100806,37.03,37.03,36.87,36.87,174840
BVH,20100805,37.11,37.11,36.95,36.95,209010
BVH,20100804,37.03,37.03,36.87,36.95,162000
BVH,20100803,36.55,37.11,36.55,37.03,170130
BVH,20100802,37.11,37.11,36.95,37.11,132430
BVH,20100730,37.11,37.51,37.03,37.11,124640
BVH,20100729,35.99,37.19,35.99,37.11,125330
BVH,20100728,37.11,37.19,36.71,37.11,185910
BVH,20100727,37.03,37.11,36.95,37.11,255710
BVH,20100726,36.95,37.03,36.71,36.95,192030
BVH,20100723,37.03,37.03,36.39,36.95,78820
BVH,20100722,37.11,37.11,35.91,35.91,1060
BVH,20100721,37.11,37.27,36.71,37.11,429670
BVH,20100720,36.79,37.51,36.71,37.11,172770
BVH,20100719,35.91,36.95,35.91,36.95,146580
BVH,20100716,36.39,37.11,36.39,37.11,49970
BVH,20100715,36.79,36.79,36.31,36.55,39950
BVH,20100714,36.71,37.11,36.63,36.79,202430
BVH,20100713,35.91,36.71,35.51,36.71,81570
BVH,20100712,36.55,36.55,35.19,35.19,18560
BVH,20100709,35.43,36.63,35.43,36.55,119150
BVH,20100708,35.91,35.91,35.43,35.43,43150
BVH,20100707,35.59,35.59,35.43,35.51,60770
BVH,20100706,35.43,35.91,35.43,35.59,102340
BVH,20100705,35.43,36.31,34.31,35.43,17640
BVH,20100702,36.31,36.31,35.99,35.99,13780
BVH,20100701,35.91,36.71,35.91,36.31,23800
BVH,20100630,35.19,36.71,35.19,36.71,28250
BVH,20100629,36.31,36.71,36.31,36.71,75690
BVH,20100628,35.11,36.31,35.11,36.31,98370
BVH,20100625,34.4,35.04,34.4,35.03,120580
BVH,20100624,34.39,35.03,34.39,34.8,170430
BVH,20100623,35.11,35.43,35.03,35.03,155440
BVH,20100622,35.27,35.91,35.03,35.03,235310
BVH,20100621,34.16,34.96,33.92,34.95,39540
BVH,20100618,35.11,35.83,33.35,33.36,349500
BVH,20100617,35.11,36.47,35.11,35.11,131950
BVH,20100616,36.63,37.43,34.87,34.87,189160
BVH,20100615,36.79,36.79,36.55,36.63,199920
BVH,20100614,36.79,36.95,36.79,36.79,13290
BVH,20100611,36.87,36.87,36.71,36.79,18370
BVH,20100610,36.71,36.79,35.27,36.71,65560
BVH,20100609,35.91,36.95,35.91,36.71,15890
BVH,20100608,35.91,36.95,35.91,36.95,103760
BVH,20100607,35.11,36.71,35.11,35.91,21900
BVH,20100604,36.71,36.95,36.71,36.71,23720
BVH,20100603,37.35,37.35,36.07,36.71,15680
BVH,20100602,37.35,37.35,36.71,37.35,20210
BVH,20100601,37.51,37.51,35.83,37.35,6900
BVH,20100531,36.87,38.31,36.87,37.35,16120
BVH,20100528,36.63,37.91,36.15,37.91,109370
BVH,20100527,33.35,36.31,33.35,36.15,50430
BVH,20100526,35.51,35.51,34.31,35.11,32900
BVH,20100525,34.95,35.43,33.91,35.35,15110
BVH,20100524,35.11,36.79,34.95,34.95,61110
BVH,20100521,36.79,37.83,36.79,36.79,87360
BVH,20100520,36.79,38.71,36.79,38.71,36980
BVH,20100519,38.71,38.79,38.71,38.71,212470
BVH,20100518,39.9,39.9,37.98,38.71,95400
BVH,20100517,39.9,39.9,38.06,39.9,108900
BVH,20100514,40.3,40.3,39.9,39.9,210090
BVH,20100513,37.78,39.42,37.7,39.42,264070
BVH,20100512,38.02,38.02,37.79,37.78,330380
BVH,20100511,38.25,38.25,37.94,38.02,110500
BVH,20100510,38.25,38.25,37.47,37.86,354270
BVH,20100507,37.86,37.86,37.08,37.86,310500
BVH,20100506,37.86,38.09,37.47,37.86,209870
BVH,20100505,38.25,38.25,38.02,38.17,153600
BVH,20100504,39.03,39.03,38.25,38.25,232660
BVH,20100429,38.49,38.88,37.94,38.25,180160
BVH,20100428,37,38.49,37,38.49,341920
BVH,20100427,35.91,36.7,35.37,36.69,338450
BVH,20100426,35.13,35.36,34.97,35.29,137290
BVH,20100422,34.35,35.28,34.35,35.13,163850
BVH,20100421,34.04,34.58,34.04,34.58,194610
BVH,20100420,34.35,34.35,33.96,33.96,56740
BVH,20100419,34.43,34.5,34.04,34.35,244310
BVH,20100416,34.19,35.05,34.03,35.05,248730
BVH,20100415,34.04,34.2,34.04,34.19,64540
BVH,20100414,34.35,34.35,34.03,34.04,49880
BVH,20100413,34.35,34.35,33.96,34.19,38520
BVH,20100412,33.96,34.35,33.8,34.35,174380
BVH,20100409,33.8,33.8,33.57,33.8,104430
BVH,20100408,33.02,33.8,33.02,33.8,71980
BVH,20100407,33.88,33.88,33.33,33.8,94020
BVH,20100406,33.96,33.96,33.88,33.88,116950
BVH,20100405,33.18,33.8,33.18,33.65,55070
BVH,20100402,32.87,33.57,32.87,33.57,82900
BVH,20100401,33.26,33.57,33.26,33.57,53240
BVH,20100331,33.57,33.8,33.18,33.26,145520
BVH,20100330,33.88,33.88,32.78,33.57,236420
BVH,20100329,34.51,34.51,33.34,33.33,53920
BVH,20100326,33.65,34.35,33.57,34.35,315190
BVH,20100325,33.26,33.57,32.87,33.26,82870
BVH,20100324,33.96,33.96,33.65,33.88,157640
BVH,20100323,33.57,33.57,33.57,33.57,149440
BVH,20100322,32.79,33.57,32.79,33.57,125480
BVH,20100319,33.26,33.88,32.4,32.4,531800
BVH,20100318,33.57,33.8,33.57,33.57,626930
BVH,20100317,33.57,33.88,33.26,33.57,683190
BVH,20100316,33.26,34.66,33.26,33.26,290120
BVH,20100315,34.81,34.97,34.58,34.74,168690
BVH,20100312,33.96,34.2,33.26,34.19,184140
BVH,20100311,33.49,34.35,32.79,32.79,107650
BVH,20100310,35.52,35.52,34.35,34.35,184070
BVH,20100309,34.19,35.52,33.96,35.52,363710
BVH,20100308,33.57,33.96,33.49,33.96,169640
BVH,20100305,33.49,33.65,32.79,33.49,99880
BVH,20100304,33.49,33.96,33.33,33.49,135390
BVH,20100303,33.8,34.35,33.1,33.49,217660
BVH,20100302,34.35,34.74,33.8,33.8,169020
BVH,20100301,35.13,35.6,35.13,35.52,302320
BVH,20100226,33.49,35.13,32.94,35.13,326410
BVH,20100225,32.01,33.49,32.01,33.49,328580
BVH,20100224,33.18,33.18,31.93,31.93,495890
BVH,20100223,34.74,34.74,33.57,33.57,395140
BVH,20100222,35.52,35.52,35.13,35.29,368570
BVH,20100212,33.57,33.88,33.02,33.88,388970
BVH,20100211,31.23,32.32,30.84,32.32,325360
BVH,20100210,30.05,30.83,29.97,30.84,178290
BVH,20100209,29.35,29.74,29.35,29.66,216700
BVH,20100208,29.66,29.82,29.59,29.82,108030
BVH,20100205,29.82,29.82,29.2,29.82,204660
BVH,20100204,29.66,29.97,29.66,29.82,175140
BVH,20100203,28.65,29.67,28.65,29.66,264120
BVH,20100202,28.1,28.41,27.87,28.42,102760
BVH,20100201,28.1,28.1,27.87,28.1,155650
BVH,20100129,27.48,27.71,27.4,27.71,149100
BVH,20100128,26.93,27.48,26.93,27.48,190950
BVH,20100127,27.71,27.71,26.93,26.93,150780
BVH,20100126,27.71,27.71,27.4,27.71,142040
BVH,20100125,27.16,27.24,26.93,27.24,171620
BVH,20100122,26.78,27.09,25.92,26.93,207660
BVH,20100121,26.54,27.32,26.54,26.78,211050
BVH,20100120,27.71,27.71,27.09,27.32,305620
BVH,20100119,26.55,27.09,26.16,27.09,282220
BVH,20100118,27.32,27.32,25.99,26,112160
BVH,20100115,26.54,27.32,26.54,27.32,278200
BVH,20100114,26.46,26.54,26.15,26.54,303360
BVH,20100113,24.9,25.29,24.59,25.29,603080
BVH,20100112,24.59,24.67,24.12,24.12,152270
BVH,20100111,24.9,24.9,23.97,24.59,99820
BVH,20100108,24.51,25.21,24.51,24.59,257750
BVH,20100107,24.59,24.82,24.2,24.51,101420
BVH,20100106,24.2,24.9,24.04,24.9,203390
BVH,20100105,25.76,25.76,24.74,24.98,200100
BVH,20100104,23.42,24.9,23.42,24.82,142420
BVH,20091231,25.76,25.76,23.89,23.89,52360
BVH,20091230,23.11,25.06,23.11,25.06,297880
BVH,20091229,22.64,24.2,22.64,23.89,298440
BVH,20091228,24.51,24.51,23.34,23.42,199160
BVH,20091225,25.14,25.14,24.44,24.51,264560
BVH,20091224,23.35,24.28,22.72,24.28,282910
BVH,20091223,22.25,23.19,22.17,23.19,312520
BVH,20091222,21.46,22.95,21.46,22.64,322200
BVH,20091221,22.25,22.4,22.01,22.4,123850
BVH,20091218,21.07,21.38,20.53,21.39,203780
BVH,20091217,20.3,20.46,19.91,20.37,354550
BVH,20091216,19.83,20.3,19.29,20.3,560080
BVH,20091215,18.66,19.52,18.66,19.52,305930
BVH,20091214,17.57,18.66,17.57,18.66,157210
BVH,20091211,17.96,18.12,17.8,17.8,162110
BVH,20091210,19.52,19.52,18.74,18.74,96910
BVH,20091209,19.9,19.9,19.36,19.36,150780
BVH,20091208,20.45,20.69,20.38,20.37,105740
BVH,20091207,20.68,21.15,20.68,21,150320
BVH,20091204,21.47,21.86,21.08,21.23,76580
BVH,20091203,21.08,22.57,20.69,21.47,110660
BVH,20091202,22.01,22.17,21.54,21.55,195880
BVH,20091201,21.08,22.09,21.08,22.09,187720
BVH,20091130,20.69,21.47,20.69,21.08,81100
BVH,20091127,19.91,21.93,19.91,20.92,155060
BVH,20091126,20.92,20.92,20.92,20.92,68230
BVH,20091125,22.88,23.03,22.02,22.01,122030
BVH,20091124,23.26,23.42,22.32,23.11,245140
BVH,20091123,24.51,24.51,23.26,23.26,192660
BVH,20091120,24.36,24.59,23.97,24.43,193150
BVH,20091119,24.98,24.98,23.89,24.36,223730
BVH,20091118,24.05,24.98,23.97,24.98,340860
BVH,20091117,24.12,24.2,23.26,23.89,239310
BVH,20091116,24.59,24.59,23.73,24.12,200240
BVH,20091113,24.82,24.82,23.81,24.51,229150
BVH,20091112,24.59,25.14,24.59,24.82,217620
BVH,20091111,24.36,24.98,24.36,24.59,211200
BVH,20091110,24.35,24.98,24.04,24.36,338110
BVH,20091109,26.54,26.54,25.21,25.21,360940
BVH,20091106,27.25,27.25,26.23,26.54,237390
BVH,20091105,27.01,27.01,26.15,26.39,221340
BVH,20091104,25.37,26.85,25.37,26.15,238860
BVH,20091103,27.09,27.09,26,26.15,299980
BVH,20091102,27.32,27.71,27.09,27.09,525040
BVH,20091030,28.89,28.89,28.11,28.49,612190
BVH,20091029,27.71,27.95,27.55,27.56,393430
BVH,20091028,28.65,28.96,28.65,28.96,581180
BVH,20091027,29.27,29.35,28.57,28.57,507320
BVH,20091026,30.06,30.06,29.66,30.05,1433120
BVH,20091023,28.65,28.65,28.65,28.65,355990
BVH,20091022,27.24,27.32,27.16,27.32,324820
BVH,20091021,27.17,27.79,26.94,26.93,503150
BVH,20091020,27.55,27.63,27.16,27.17,241200
BVH,20091019,27.32,27.32,27.09,27.24,245590
BVH,20091016,27.56,27.79,27.32,27.32,302880
BVH,20091015,28.49,28.49,27.48,27.79,343180
BVH,20091014,27.63,27.79,27.32,27.71,351080
BVH,20091013,27.48,27.63,27.17,27.32,256480
BVH,20091012,27.95,28.03,27.48,27.79,277940
BVH,20091009,27.94,27.94,27.32,27.48,201850
BVH,20091008,27.33,27.33,26.86,27.32,192390
BVH,20091007,27.24,27.47,26.93,27.17,211180
BVH,20091006,26.93,27.17,26.23,26.46,126460
BVH,20091005,27.01,27.63,26.15,26.31,243110
BVH,20091002,27.25,27.8,27.01,27.01,327430
BVH,20091001,29.2,29.27,28.41,28.42,160910
BVH,20090930,28.73,29.82,27.95,29.82,610700
BVH,20090929,28.1,28.73,27.95,28.73,350860
BVH,20090928,28.65,28.73,28.11,28.18,282320
BVH,20090925,28.57,28.88,28.18,28.73,302150
BVH,20090924,28.57,28.88,28.57,28.57,201860
BVH,20090923,29.51,29.51,28.97,28.96,215620
BVH,20090922,29.59,29.67,28.89,29.2,180370
BVH,20090921,29.89,29.97,29.5,29.98,507520
BVH,20090918,28.89,29.28,28.58,29.27,343040
BVH,20090917,29.04,29.59,28.81,28.81,236600
BVH,20090916,28.88,29.27,28.65,29.12,371520
BVH,20090915,28.88,28.96,28.57,28.65,210260
BVH,20090914,28.65,29.27,28.49,28.88,248530
BVH,20090911,28.57,28.88,28.49,28.57,274600
BVH,20090910,28.72,28.88,28.57,28.57,265780
BVH,20090909,29.59,29.67,28.89,28.88,375160
BVH,20090908,29.19,29.66,29.19,29.59,271580
BVH,20090907,28.97,29.9,28.97,28.96,898220
BVH,20090904,30.83,31.07,30.44,30.45,264790
BVH,20090903,31.77,31.77,30.29,30.52,753910
BVH,20090902,,,,31.77,0
BVH,20090901,31.62,31.77,31.46,31.77,279830
BVH,20090831,32,32.39,31.38,31.93,322850
BVH,20090828,31.62,31.85,31.39,31.69,354410
BVH,20090827,31.38,32.01,31.23,31.23,637930
BVH,20090826,33.41,33.56,32,32.24,344830
BVH,20090825,33.33,33.33,33.18,33.33,930330
BVH,20090824,30.84,31.77,30.52,31.77,222890
BVH,20090821,30.84,31.93,30.22,30.29,675640
BVH,20090820,31.38,31.38,30.83,30.84,108680
BVH,20090819,31.38,31.54,30.44,31.38,559420
BVH,20090818,30.84,31.39,30.84,31.38,130530
BVH,20090817,31.77,32,31.61,31.62,152850
BVH,20090814,32.47,32.79,31.85,32.16,147140
BVH,20090813,33.49,33.49,31.61,32.63,597270
BVH,20090812,32.47,32.47,31.53,32.16,380250
BVH,20090811,32.39,32.47,31.22,32.08,409350
BVH,20090810,32.4,32.79,32.01,32.47,113330
BVH,20090807,32.79,32.79,31.23,32.01,347350
BVH,20090806,33.57,34.35,32.78,32.79,446560
BVH,20090805,32.95,34.19,32.79,34.19,305330
BVH,20090804,33.49,33.57,32.87,33.57,323950
BVH,20090803,32.79,33.18,32.01,32.32,182570
BVH,20090731,32.25,32.32,31.78,32.32,417340
BVH,20090730,30.37,31.23,30.22,30.84,235080
BVH,20090729,31.62,31.85,31.23,31.23,254170
BVH,20090728,31.61,32.71,31.46,31.62,359000
BVH,20090727,32.79,33.18,30.06,33.02,555230
BVH,20090724,31.61,31.61,31.61,31.62,417250
BVH,20090723,27.95,30.14,27.87,30.13,313860
BVH,20090722,28.88,29.27,28.65,28.73,241660
BVH,20090721,28.89,29.51,28.57,28.88,359190
BVH,20090720,29.66,29.66,29.51,29.51,222380
BVH,20090717,31.61,31.61,30.29,30.99,183290
BVH,20090716,32.25,32.25,30.84,31.3,481640
BVH,20090715,31.15,32.01,30.45,30.84,389850
BVH,20090714,31.23,31.23,31.15,31.15,294920
BVH,20090713,33.02,33.18,32.71,32.71,178050
BVH,20090710,35.67,35.91,34.42,34.43,313630
BVH,20090709,38.02,38.02,35.52,36.22,341400
BVH,20090708,35.91,37.08,35.6,36.22,212950
BVH,20090707,37.31,38.25,37.08,37.08,456250
BVH,20090706,37.47,39.03,37.08,39.03,315150
BVH,20090703,35.6,37.47,35.6,37.47,914150
BVH,20090702,37.86,38.64,37.47,37.47,1917580
BVH,20090701,39.42,40.2,39.42,39.42,1754070
BVH,20090630,41.37,41.37,41.37,41.37,274410
BVH,20090629,39.42,39.42,39.42,39.42,257150
BVH,20090626,37.87,37.87,37.48,37.86,841370
BVH,20090625,36.07,36.07,35.13,36.07,1542160
